  -10.000000000000000        156.66666666666666     
  -9.9000005722045898        151.81652746868295     
  -9.8000001907348633        147.06534230168677     
  -9.6999998092651367        142.41215788428005     
  -9.6000003814697266        137.85601719665596     
  -9.5000000000000000        133.39583333333331     
  -9.4000005722045898        129.03069137446238     
  -9.3000001907348633        124.75950805759447     
  -9.1999998092651367        120.58132545216893     
  -9.1000003814697266        116.49518207995163     
  -9.0000000000000000        112.50000000000000     
  -8.9000005722045898        108.59485542329298     
  -8.8000001907348633        104.77867386118587     
  -8.6999998092651367        101.05049297237412     
  -8.6000003814697266        97.409347058614713     
  -8.5000000000000000        93.854166666666657     
  -8.4000005722045898        90.384019615174708     
  -8.3000001907348633        86.997839712460987     
  -8.1999998092651367        83.694660444895561     
  -8.1000003814697266        80.473512132645240     
  -8.0000000000000000        77.333333333333329     
  -7.9000000953674316        74.273169547239974     
  -7.8000001907348633        71.292005611419810     
  -7.7000002861022949        68.388841528733877     
  -7.5999999046325684        65.562664007822704     
  -7.5000000000000000        62.812500000000000     
  -7.4000000953674316        60.137335849126202     
  -7.3000001907348633        57.536171558062364     
  -7.2000002861022949        55.008007129669480     
  -7.0999999046325684        52.551831024964685     
  -7.0000000000000000        50.166666666666664     
  -6.9000000953674316        47.851502174854303     
  -6.8000001907348633        45.605337552388626     
  -6.7000002861022949        43.427172802130656     
  -6.5999999046325684        41.315998018264800     
  -6.5000000000000000        39.270833333333329     
  -6.4000000953674316        37.290668524424262     
  -6.3000001907348633        35.374503594398611     
  -6.2000002861022949        33.521338546117398     
  -6.0999999046325684        31.730164987723057     
  -6.0000000000000000        30.000000000000000     
  -5.9000000953674316        28.329834897836072     
  -5.8000001907348633        26.718669684092305     
  -5.7000002861022949        25.165504361629718     
  -5.5999999046325684        23.669331933339464     
  -5.5000000000000000        22.229166666666664     
  -5.4000000953674316        20.844001295089743     
  -5.3000001907348633        19.512835821469722     
  -5.2000002861022949        18.234670248667612     
  -5.0999999046325684        17.008498855114006     
  -5.0000000000000000        15.833333333333332     
  -4.9000000953674316        14.708167716185272     
  -4.8000001907348633        13.632002006530847     
  -4.7000002861022949        12.603836207231076     
  -4.5999999046325684        11.622665753046689     
  -4.5000000000000000        10.687500000000000     
  -4.4000000953674316        9.7973341611226594     
  -4.3000001907348633        8.9511682392756917     
  -4.2000002861022949        8.1480022373201173     
  -4.0999999046325684        7.3868326271375189     
  -4.0000000000000000        6.6666666666666661     
  -3.9000000953674316        5.9865006299019026     
  -3.7999999523162842        5.3453330367406249     
  -3.7000000476837158        4.7421669453779884     
  -3.6000001430511475        4.1760007839203244     
  -3.5000000000000000        3.6458333333333330     
  -3.4000000953674316        3.1506671225230045     
  -3.2999999523162842        2.6894997880458869     
  -3.2000000476837158        2.2613335297902459     
  -3.1000001430511475        1.8651672109763142     
  -3.0000000000000000        1.5000000000000000     
  -2.9000000953674316        1.1648336389859644     
  -2.7999999523162842       0.85866652743021987     
  -2.7000000476837158       0.58050012612343105     
  -2.6000001430511475       0.32933367379509093     
  -2.5000000000000000       0.10416666666666652     
  -2.4000000953674316       -9.5999820709217865E-002
  -2.2999999523162842      -0.27216674510637695     
  -2.2000000476837158      -0.42533326562245444     
  -2.1000001430511475      -0.55649982762334593     
  -2.0000000000000000      -0.66666666666666674     
  -1.8999999761581421      -0.75683335252602846     
  -1.8000000715255737      -0.82799995565413975     
  -1.7000000476837158      -0.88116664544741130     
  -1.6000000238418579      -0.91733332665761269     
  -1.5000000000000000      -0.93750000000000000     
  -1.3999999761581421      -0.94266666618982908     
  -1.3000000715255737      -0.93383334441979393     
  -1.2000000476837158      -0.91200001335143910     
  -1.1000000238418579      -0.87816667608420018     
  -1.0000000000000000      -0.83333333333333337     
 -0.90000003576278687      -0.77850002127885765     
 -0.80000001192092896      -0.71466667477289825     
 -0.69999998807907104      -0.64283332433303197     
 -0.60000002384185791      -0.56400001955032331     
 -0.50000000000000000      -0.47916666666666669     
 -0.40000000596046448      -0.38933333881696064     
 -0.30000001192092896      -0.29550001138448712     
 -0.20000000298023224      -0.19866666958729426     
 -0.10000000149011612       -9.9833334815998875E-002
   0.0000000000000000        0.0000000000000000     
  0.10000000149011612        9.9833334815998875E-002
  0.20000000298023224       0.19866666958729426     
  0.30000001192092896       0.29550001138448712     
  0.40000000596046448       0.38933333881696064     
  0.50000000000000000       0.47916666666666669     
  0.60000002384185791       0.56400001955032331     
  0.69999998807907104       0.64283332433303197     
  0.80000001192092896       0.71466667477289825     
  0.90000003576278687       0.77850002127885765     
   1.0000000000000000       0.83333333333333337     
   1.1000000238418579       0.87816667608420018     
   1.2000000476837158       0.91200001335143910     
   1.3000000715255737       0.93383334441979393     
   1.3999999761581421       0.94266666618982908     
   1.5000000000000000       0.93750000000000000     
   1.6000000238418579       0.91733332665761269     
   1.7000000476837158       0.88116664544741130     
   1.8000000715255737       0.82799995565413975     
   1.8999999761581421       0.75683335252602846     
   2.0000000000000000       0.66666666666666674     
   2.1000001430511475       0.55649982762334593     
   2.2000000476837158       0.42533326562245444     
   2.2999999523162842       0.27216674510637695     
   2.4000000953674316        9.5999820709217865E-002
   2.5000000000000000      -0.10416666666666652     
   2.6000001430511475      -0.32933367379509093     
   2.7000000476837158      -0.58050012612343105     
   2.7999999523162842      -0.85866652743021987     
   2.9000000953674316       -1.1648336389859644     
   3.0000000000000000       -1.5000000000000000     
   3.1000001430511475       -1.8651672109763142     
   3.2000000476837158       -2.2613335297902459     
   3.2999999523162842       -2.6894997880458869     
   3.4000000953674316       -3.1506671225230045     
   3.5000000000000000       -3.6458333333333330     
   3.6000001430511475       -4.1760007839203244     
   3.7000000476837158       -4.7421669453779884     
   3.7999999523162842       -5.3453330367406249     
   3.9000000953674316       -5.9865006299019026     
   4.0000000000000000       -6.6666666666666661     
   4.0999999046325684       -7.3868326271375189     
   4.2000002861022949       -8.1480022373201173     
   4.3000001907348633       -8.9511682392756917     
   4.4000000953674316       -9.7973341611226594     
   4.5000000000000000       -10.687500000000000     
   4.5999999046325684       -11.622665753046689     
   4.7000002861022949       -12.603836207231076     
   4.8000001907348633       -13.632002006530847     
   4.9000000953674316       -14.708167716185272     
   5.0000000000000000       -15.833333333333332     
   5.0999999046325684       -17.008498855114006     
   5.2000002861022949       -18.234670248667612     
   5.3000001907348633       -19.512835821469722     
   5.4000000953674316       -20.844001295089743     
   5.5000000000000000       -22.229166666666664     
   5.5999999046325684       -23.669331933339464     
   5.7000002861022949       -25.165504361629718     
   5.8000001907348633       -26.718669684092305     
   5.9000000953674316       -28.329834897836072     
   6.0000000000000000       -30.000000000000000     
   6.0999999046325684       -31.730164987723057     
   6.2000002861022949       -33.521338546117398     
   6.3000001907348633       -35.374503594398611     
   6.4000000953674316       -37.290668524424262     
   6.5000000000000000       -39.270833333333329     
   6.5999999046325684       -41.315998018264800     
   6.7000002861022949       -43.427172802130656     
   6.8000001907348633       -45.605337552388626     
   6.9000000953674316       -47.851502174854303     
   7.0000000000000000       -50.166666666666664     
   7.0999999046325684       -52.551831024964685     
   7.2000002861022949       -55.008007129669480     
   7.3000001907348633       -57.536171558062364     
   7.4000000953674316       -60.137335849126202     
   7.5000000000000000       -62.812500000000000     
   7.5999999046325684       -65.562664007822704     
   7.7000002861022949       -68.388841528733877     
   7.8000001907348633       -71.292005611419810     
   7.9000000953674316       -74.273169547239974     
   8.0000000000000000       -77.333333333333329     
   8.1000003814697266       -80.473512132645240     
   8.1999998092651367       -83.694660444895561     
   8.3000001907348633       -86.997839712460987     
   8.4000005722045898       -90.384019615174708     
   8.5000000000000000       -93.854166666666657     
   8.6000003814697266       -97.409347058614713     
   8.6999998092651367       -101.05049297237412     
   8.8000001907348633       -104.77867386118587     
   8.9000005722045898       -108.59485542329298     
   9.0000000000000000       -112.50000000000000     
   9.1000003814697266       -116.49518207995163     
   9.1999998092651367       -120.58132545216893     
   9.3000001907348633       -124.75950805759447     
   9.4000005722045898       -129.03069137446238     
   9.5000000000000000       -133.39583333333331     
   9.6000003814697266       -137.85601719665596     
   9.6999998092651367       -142.41215788428005     
   9.8000001907348633       -147.06534230168677     
   9.9000005722045898       -151.81652746868295     
   10.000000000000000       -156.66666666666666     
 
  -10.000000000000000        1307.4603174603174     
  -9.9000005722045898        1208.6613461680126     
  -9.8000001907348633        1116.2694691243310     
  -9.6999998092651367        1029.9408845374087     
  -9.6000003814697266        949.34626738526595     
  -9.5000000000000000        874.16825861855159     
  -9.4000005722045898        804.10626139475721     
  -9.3000001907348633        738.87024599681558     
  -9.1999998092651367        678.18511360691264     
  -9.1000003814697266        621.78806921944351     
  -9.0000000000000000        569.42678571428564     
  -8.9000005722045898        520.86266448453364     
  -8.8000001907348633        475.86643040516879     
  -8.6999998092651367        434.22107478886983     
  -8.6000003814697266        395.71994038400373     
  -8.5000000000000000        360.16539093501979     
  -8.4000005722045898        327.37094746002515     
  -8.3000001907348633        297.15821180058185     
  -8.1999998092651367        269.35877541283719     
  -8.1000003814697266        243.81283879989957     
  -8.0000000000000000        220.36825396825395     
  -7.9000000953674316        198.88175988619540     
  -7.8000001907348633        179.21736341773442     
  -7.7000002861022949        161.24661671752352     
  -7.5999999046325684        144.84812778391159     
  -7.5000000000000000        129.90757533482144     
  -7.4000000953674316        116.31695783076586     
  -7.3000001907348633        103.97463805716433     
  -7.2000002861022949        92.784993743406815     
  -7.0999999046325684        82.658111539908788     
  -7.0000000000000000        73.509722222222223     
  -6.9000000953674316        65.260665930060796     
  -6.8000001907348633        57.836851370620053     
  -6.7000002861022949        51.168973533052622     
  -6.5999999046325684        45.192262107380962     
  -6.5000000000000000        39.846374317956347     
  -6.4000000953674316        35.075013227916529     
  -6.3000001907348633        30.825840149392498     
  -6.2000002861022949        27.050246513802996     
  -6.0999999046325684        23.703147233323961     
  -6.0000000000000000        20.742857142857147     
  -5.9000000953674316        18.130816404346227     
  -5.8000001907348633        15.831483115626718     
  -5.7000002861022949        13.812149330544703     
  -5.5999999046325684        12.042772040626865     
  -5.5000000000000000        10.495850384424600     
  -5.4000000953674316        9.1462255890545272     
  -5.3000001907348633        7.9709717166144713     
  -5.2000002861022949        6.9492481213753123     
  -5.0999999046325684        6.0621623803297702     
  -5.0000000000000000        5.2926587301587276     
  -4.9000000953674316        4.6253701764425355     
  -4.8000001907348633        4.0465184220666117     
  -4.7000002861022949        3.5437967977393097     
  -4.5999999046325684        3.1062606823914400     
  -4.5000000000000000        2.7242327008928573     
  -4.4000000953674316        2.3891921421028242     
  -4.3000001907348633        2.0936900243659204     
  -4.2000002861022949        1.8312578290346115     
  -4.0999999046325684        1.5963218049669274     
  -4.0000000000000000        1.3841269841269837     
  -3.9000000953674316        1.1906543608045568     
  -3.7999999523162842        1.0125530332007884     
  -3.7000000476837158       0.84707265033778945     
  -3.6000001430511475       0.69199674099322550     
  -3.5000000000000000       0.54558376736111081     
  -3.4000000953674316       0.40651142596875234     
  -3.2999999523162842       0.27382121545810179     
  -3.2000000476837158       0.14687156653627453     
  -3.1000001430511475        2.5289454127761291E-002
  -3.0000000000000000       -9.1071428571428470E-002
  -2.9000000953674316      -0.20216952936635063     
  -2.7999999523162842      -0.30781388014071909     
  -2.7000000476837158      -0.40769551327085185     
  -2.6000001430511475      -0.50141989085859384     
  -2.5000000000000000      -0.58853391617063511     
  -2.4000000953674316      -0.66855051008980571     
  -2.2999999523162842      -0.74097255552131436     
  -2.2000000476837158      -0.80531141005291262     
  -2.1000001430511475      -0.86110579275287025     
  -2.0000000000000000      -0.90793650793650793     
  -1.8999999761581421      -0.94543937409401246     
  -1.8000000715255737      -0.97331676070347406     
  -1.7000000476837158      -0.99134643677234091     
  -1.6000000238418579      -0.99938856562834699     
  -1.5000000000000000      -0.99739118303571428     
  -1.3999999761581421      -0.98539379151176210     
  -1.3000000715255737      -0.96352942552753251     
  -1.2000000476837158      -0.93202506870212998     
  -1.1000000238418579      -0.89120094392840277     
  -1.0000000000000000      -0.84146825396825398     
 -0.90000003576278687      -0.78332587205155457     
 -0.80000001192092896      -0.71735573147994502     
 -0.69999998807907104      -0.64421756741016534     
 -0.60000002384185791      -0.56464246539181007     
 -0.50000000000000000      -0.47942553323412701     
 -0.40000000596046448      -0.38941834707725281     
 -0.30000001192092896      -0.29552021799564127     
 -0.20000000298023224      -0.19866933371447681     
 -0.10000000149011612       -9.9833418129497156E-002
   0.0000000000000000        0.0000000000000000     
  0.10000000149011612        9.9833418129497156E-002
  0.20000000298023224       0.19866933371447681     
  0.30000001192092896       0.29552021799564127     
  0.40000000596046448       0.38941834707725281     
  0.50000000000000000       0.47942553323412701     
  0.60000002384185791       0.56464246539181007     
  0.69999998807907104       0.64421756741016534     
  0.80000001192092896       0.71735573147994502     
  0.90000003576278687       0.78332587205155457     
   1.0000000000000000       0.84146825396825398     
   1.1000000238418579       0.89120094392840277     
   1.2000000476837158       0.93202506870212998     
   1.3000000715255737       0.96352942552753251     
   1.3999999761581421       0.98539379151176210     
   1.5000000000000000       0.99739118303571428     
   1.6000000238418579       0.99938856562834699     
   1.7000000476837158       0.99134643677234091     
   1.8000000715255737       0.97331676070347406     
   1.8999999761581421       0.94543937409401246     
   2.0000000000000000       0.90793650793650793     
   2.1000001430511475       0.86110579275287025     
   2.2000000476837158       0.80531141005291262     
   2.2999999523162842       0.74097255552131436     
   2.4000000953674316       0.66855051008980571     
   2.5000000000000000       0.58853391617063511     
   2.6000001430511475       0.50141989085859384     
   2.7000000476837158       0.40769551327085185     
   2.7999999523162842       0.30781388014071909     
   2.9000000953674316       0.20216952936635063     
   3.0000000000000000        9.1071428571428470E-002
   3.1000001430511475       -2.5289454127761291E-002
   3.2000000476837158      -0.14687156653627453     
   3.2999999523162842      -0.27382121545810179     
   3.4000000953674316      -0.40651142596875234     
   3.5000000000000000      -0.54558376736111081     
   3.6000001430511475      -0.69199674099322550     
   3.7000000476837158      -0.84707265033778945     
   3.7999999523162842       -1.0125530332007884     
   3.9000000953674316       -1.1906543608045568     
   4.0000000000000000       -1.3841269841269837     
   4.0999999046325684       -1.5963218049669274     
   4.2000002861022949       -1.8312578290346115     
   4.3000001907348633       -2.0936900243659204     
   4.4000000953674316       -2.3891921421028242     
   4.5000000000000000       -2.7242327008928573     
   4.5999999046325684       -3.1062606823914400     
   4.7000002861022949       -3.5437967977393097     
   4.8000001907348633       -4.0465184220666117     
   4.9000000953674316       -4.6253701764425355     
   5.0000000000000000       -5.2926587301587276     
   5.0999999046325684       -6.0621623803297702     
   5.2000002861022949       -6.9492481213753123     
   5.3000001907348633       -7.9709717166144713     
   5.4000000953674316       -9.1462255890545272     
   5.5000000000000000       -10.495850384424600     
   5.5999999046325684       -12.042772040626865     
   5.7000002861022949       -13.812149330544703     
   5.8000001907348633       -15.831483115626718     
   5.9000000953674316       -18.130816404346227     
   6.0000000000000000       -20.742857142857147     
   6.0999999046325684       -23.703147233323961     
   6.2000002861022949       -27.050246513802996     
   6.3000001907348633       -30.825840149392498     
   6.4000000953674316       -35.075013227916529     
   6.5000000000000000       -39.846374317956347     
   6.5999999046325684       -45.192262107380962     
   6.7000002861022949       -51.168973533052622     
   6.8000001907348633       -57.836851370620053     
   6.9000000953674316       -65.260665930060796     
   7.0000000000000000       -73.509722222222223     
   7.0999999046325684       -82.658111539908788     
   7.2000002861022949       -92.784993743406815     
   7.3000001907348633       -103.97463805716433     
   7.4000000953674316       -116.31695783076586     
   7.5000000000000000       -129.90757533482144     
   7.5999999046325684       -144.84812778391159     
   7.7000002861022949       -161.24661671752352     
   7.8000001907348633       -179.21736341773442     
   7.9000000953674316       -198.88175988619540     
   8.0000000000000000       -220.36825396825395     
   8.1000003814697266       -243.81283879989957     
   8.1999998092651367       -269.35877541283719     
   8.3000001907348633       -297.15821180058185     
   8.4000005722045898       -327.37094746002515     
   8.5000000000000000       -360.16539093501979     
   8.6000003814697266       -395.71994038400373     
   8.6999998092651367       -434.22107478886983     
   8.8000001907348633       -475.86643040516879     
   8.9000005722045898       -520.86266448453364     
   9.0000000000000000       -569.42678571428564     
   9.1000003814697266       -621.78806921944351     
   9.1999998092651367       -678.18511360691264     
   9.3000001907348633       -738.87024599681558     
   9.4000005722045898       -804.10626139475721     
   9.5000000000000000       -874.16825861855159     
   9.6000003814697266       -949.34626738526595     
   9.6999998092651367       -1029.9408845374087     
   9.8000001907348633       -1116.2694691243310     
   9.9000005722045898       -1208.6613461680126     
   10.000000000000000       -1307.4603174603174     
 
  -10.000000000000000        1056.9392336059002     
  -9.9000005722045898        934.26392089525780     
  -9.8000001907348633        824.68503146366015     
  -9.6999998092651367        726.92869879765499     
  -9.6000003814697266        639.83233260942848     
  -9.5000000000000000        562.33399730349038     
  -9.4000005722045898        493.46993409754873     
  -9.3000001907348633        432.36108260820515     
  -9.1999998092651367        378.21087730052113     
  -9.1000003814697266        330.29644954298908     
  -9.0000000000000000        287.96148336038948     
  -8.9000005722045898        250.61363791713063     
  -8.8000001907348633        217.71605111489077     
  -8.6999998092651367        188.78509428267819     
  -8.6000003814697266        163.38462959145522     
  -8.5000000000000000        141.12128614227788     
  -8.4000005722045898        121.64222784635285     
  -8.3000001907348633        104.62988058162006     
  -8.1999998092651367        89.800018213031080     
  -8.1000003814697266        76.898087184078804     
  -8.0000000000000000        65.696148789482095     
  -7.9000000953674316        55.991100015901253     
  -7.8000001907348633        47.601678033769389     
  -7.7000002861022949        40.366595778103033     
  -7.5999999046325684        34.142488601798306     
  -7.5000000000000000        28.802229026695358     
  -7.4000000953674316        24.233107831973669     
  -7.3000001907348633        20.335460984686563     
  -7.2000002861022949        17.021276907346646     
  -7.0999999046325684        14.212948359973154     
  -7.0000000000000000        11.842203107463519     
  -6.9000000953674316        9.8490099721185018     
  -6.8000001907348633        8.1807182479321341     
  -6.7000002861022949        6.7912170239084517     
  -6.5999999046325684        5.6401866726242318     
  -6.5000000000000000        4.6924517899207814     
  -6.4000000953674316        3.9173498405842402     
  -6.3000001907348633        3.2882185136849422     
  -6.2000002861022949        2.7819116888184521     
  -6.0999999046325684        2.3783720025445696     
  -6.0000000000000000        2.0602597402597436     
  -5.9000000953674316        1.8126060113657942     
  -5.8000001907348633        1.6225241612185899     
  -5.7000002861022949        1.4789458212756408     
  -5.5999999046325684        1.3723899983368435     
  -5.5000000000000000        1.2947624947953216     
  -5.4000000953674316        1.2391755224860517     
  -5.3000001907348633        1.1997947516499057     
  -5.2000002861022949        1.1717033774792009     
  -5.0999999046325684        1.1507841595134680     
  -5.0000000000000000        1.1336172989818796     
  -4.9000000953674316        1.1173908722338388     
  -4.8000001907348633        1.0998240367016883     
  -4.7000002861022949        1.0790999588078027     
  -4.5999999046325684        1.0538075906122999     
  -4.5000000000000000        1.0228917198676568     
  -4.4000000953674316       0.98560833920576463     
  -4.3000001907348633       0.94148675520075509     
  -4.2000002861022949       0.89029585156504276     
  -4.0999999046325684       0.83201413663181956     
  -4.0000000000000000       0.76680455347121956     
  -3.9000000953674316       0.69498923851745942     
  -3.7999999523162842       0.61702912062447479     
  -3.7000000476837158       0.53350501551797525     
  -3.6000001430511475       0.44509865259290343     
  -3.5000000000000000       0.35257659543911851     
  -3.4000000953674316       0.25677541913944352     
  -3.2999999523162842       0.15858548424992630     
  -3.2000000476837158        5.8938830956988951E-002
  -3.1000001430511475       -4.1205724534005755E-002
  -3.0000000000000000      -0.14087459415584405     
  -2.9000000953674316      -0.23909086043136776     
  -2.7999999523162842      -0.33488756584167156     
  -2.7000000476837158      -0.42731695687880067     
  -2.6000001430511475      -0.51546265564300120     
  -2.5000000000000000      -0.59844891039132897     
  -2.4000000953674316      -0.67544941268891001     
  -2.2999999523162842      -0.74569734960266676     
  -2.2000000476837158      -0.80849193693520460     
  -2.1000001430511475      -0.86320686500963406     
  -2.0000000000000000      -0.90929613596280268     
  -1.8999999761581421      -0.94629943152143137     
  -1.8000000715255737      -0.97384728532874565     
  -1.7000000476837158      -0.99166464741645277     
  -1.6000000238418579      -0.99957353089523804     
  -1.5000000000000000      -0.99749495568213531     
  -1.3999999761581421      -0.98544971330794295     
  -1.3000000715255737      -0.96355819972521028     
  -1.2000000476837158      -0.93203910153929992     
  -1.1000000238418579      -0.89120737032478781     
  -1.0000000000000000      -0.84147098464806802     
 -0.90000003576278687      -0.78332693181732482     
 -0.80000001192092896      -0.71735609919611221     
 -0.69999998807907104      -0.64421767811850927     
 -0.60000002384185791      -0.56464249307236025     
 -0.50000000000000000      -0.47942553860418341     
 -0.40000000596046448      -0.38941834779860074     
 -0.30000001192092896      -0.29552021804983802     
 -0.20000000298023224      -0.19866933371588724     
 -0.10000000149011612       -9.9833418129499918E-002
   0.0000000000000000        0.0000000000000000     
  0.10000000149011612        9.9833418129499918E-002
  0.20000000298023224       0.19866933371588724     
  0.30000001192092896       0.29552021804983802     
  0.40000000596046448       0.38941834779860074     
  0.50000000000000000       0.47942553860418341     
  0.60000002384185791       0.56464249307236025     
  0.69999998807907104       0.64421767811850927     
  0.80000001192092896       0.71735609919611221     
  0.90000003576278687       0.78332693181732482     
   1.0000000000000000       0.84147098464806802     
   1.1000000238418579       0.89120737032478781     
   1.2000000476837158       0.93203910153929992     
   1.3000000715255737       0.96355819972521028     
   1.3999999761581421       0.98544971330794295     
   1.5000000000000000       0.99749495568213531     
   1.6000000238418579       0.99957353089523804     
   1.7000000476837158       0.99166464741645277     
   1.8000000715255737       0.97384728532874565     
   1.8999999761581421       0.94629943152143137     
   2.0000000000000000       0.90929613596280268     
   2.1000001430511475       0.86320686500963406     
   2.2000000476837158       0.80849193693520460     
   2.2999999523162842       0.74569734960266676     
   2.4000000953674316       0.67544941268891001     
   2.5000000000000000       0.59844891039132897     
   2.6000001430511475       0.51546265564300120     
   2.7000000476837158       0.42731695687880067     
   2.7999999523162842       0.33488756584167156     
   2.9000000953674316       0.23909086043136776     
   3.0000000000000000       0.14087459415584405     
   3.1000001430511475        4.1205724534005755E-002
   3.2000000476837158       -5.8938830956988951E-002
   3.2999999523162842      -0.15858548424992630     
   3.4000000953674316      -0.25677541913944352     
   3.5000000000000000      -0.35257659543911851     
   3.6000001430511475      -0.44509865259290343     
   3.7000000476837158      -0.53350501551797525     
   3.7999999523162842      -0.61702912062447479     
   3.9000000953674316      -0.69498923851745942     
   4.0000000000000000      -0.76680455347121956     
   4.0999999046325684      -0.83201413663181956     
   4.2000002861022949      -0.89029585156504276     
   4.3000001907348633      -0.94148675520075509     
   4.4000000953674316      -0.98560833920576463     
   4.5000000000000000       -1.0228917198676568     
   4.5999999046325684       -1.0538075906122999     
   4.7000002861022949       -1.0790999588078027     
   4.8000001907348633       -1.0998240367016883     
   4.9000000953674316       -1.1173908722338388     
   5.0000000000000000       -1.1336172989818796     
   5.0999999046325684       -1.1507841595134680     
   5.2000002861022949       -1.1717033774792009     
   5.3000001907348633       -1.1997947516499057     
   5.4000000953674316       -1.2391755224860517     
   5.5000000000000000       -1.2947624947953216     
   5.5999999046325684       -1.3723899983368435     
   5.7000002861022949       -1.4789458212756408     
   5.8000001907348633       -1.6225241612185899     
   5.9000000953674316       -1.8126060113657942     
   6.0000000000000000       -2.0602597402597436     
   6.0999999046325684       -2.3783720025445696     
   6.2000002861022949       -2.7819116888184521     
   6.3000001907348633       -3.2882185136849422     
   6.4000000953674316       -3.9173498405842402     
   6.5000000000000000       -4.6924517899207814     
   6.5999999046325684       -5.6401866726242318     
   6.7000002861022949       -6.7912170239084517     
   6.8000001907348633       -8.1807182479321341     
   6.9000000953674316       -9.8490099721185018     
   7.0000000000000000       -11.842203107463519     
   7.0999999046325684       -14.212948359973154     
   7.2000002861022949       -17.021276907346646     
   7.3000001907348633       -20.335460984686563     
   7.4000000953674316       -24.233107831973669     
   7.5000000000000000       -28.802229026695358     
   7.5999999046325684       -34.142488601798306     
   7.7000002861022949       -40.366595778103033     
   7.8000001907348633       -47.601678033769389     
   7.9000000953674316       -55.991100015901253     
   8.0000000000000000       -65.696148789482095     
   8.1000003814697266       -76.898087184078804     
   8.1999998092651367       -89.800018213031080     
   8.3000001907348633       -104.62988058162006     
   8.4000005722045898       -121.64222784635285     
   8.5000000000000000       -141.12128614227788     
   8.6000003814697266       -163.38462959145522     
   8.6999998092651367       -188.78509428267819     
   8.8000001907348633       -217.71605111489077     
   8.9000005722045898       -250.61363791713063     
   9.0000000000000000       -287.96148336038948     
   9.1000003814697266       -330.29644954298908     
   9.1999998092651367       -378.21087730052113     
   9.3000001907348633       -432.36108260820515     
   9.4000005722045898       -493.46993409754873     
   9.5000000000000000       -562.33399730349038     
   9.6000003814697266       -639.83233260942848     
   9.6999998092651367       -726.92869879765499     
   9.8000001907348633       -824.68503146366015     
   9.9000005722045898       -934.26392089525780     
   10.000000000000000       -1056.9392336059002     
 
  -10.000000000000000        215.75122310572056     
  -9.9000005722045898        182.74928032960020     
  -9.8000001907348633        154.50434333917678     
  -9.6999998092651367        130.36923048444817     
  -9.6000003814697266        109.77926828966247     
  -9.5000000000000000        92.242084691185312     
  -9.4000005722045898        77.330183631960892     
  -9.3000001907348633        64.671822135000809     
  -9.1999998092651367        53.945169535373282     
  -9.1000003814697266        44.871673251123354     
  -9.0000000000000000        37.210455521598846     
  -8.9000005722045898        30.754083125632917     
  -8.8000001907348633        25.323730264508498     
  -8.6999998092651367        20.765895663218814     
  -8.6000003814697266        16.948882318809211     
  -8.5000000000000000        13.759825627043952     
  -8.4000005722045898        11.102386623615971     
  -8.3000001907348633        8.8942721703271843     
  -8.1999998092651367        7.0654723544029210     
  -8.1000003814697266        5.5564620784279128     
  -8.0000000000000000        4.3166870581896823     
  -7.9000000953674316        3.3033597886072243     
  -7.8000001907348633        2.4802612315541595     
  -7.7000002861022949        1.8167998785447548     
  -7.5999999046325684        1.2871613646943345     
  -7.5000000000000000       0.86959203264718177     
  -7.4000000953674316       0.54575940793890432     
  -7.3000001907348633       0.30022690424666099     
  -7.2000002861022949       0.11999242636869578     
  -7.0999999046325684       -5.9033457253541144E-003
  -7.0000000000000000       -8.6707527517283722E-002
  -6.9000000953674316      -0.13024053535055380     
  -6.8000001907348633      -0.14313155639474484     
  -6.7000002861022949      -0.13101946648196816     
  -6.5999999046325684       -9.8720231719982232E-002
  -6.5000000000000000       -5.0367243589471977E-002
  -6.4000000953674316        1.0473945871405932E-002
  -6.3000001907348633        8.0709795244455873E-002
  -6.2000002861022949       0.15764092894899884     
  -6.0999999046325684       0.23889923300452615     
  -6.0000000000000000       0.32239531896675105     
  -5.9000000953674316       0.40628022089144811     
  -5.8000001907348633       0.48891179312277022     
  -5.7000002861022949       0.56883010919071597     
  -5.5999999046325684       0.64473861977450686     
  -5.5000000000000000       0.71548820776474709     
  -5.4000000953674316       0.78006857780309358     
  -5.3000001907348633       0.83759890499267464     
  -5.2000002861022949       0.88732255149165562     
  -5.0999999046325684       0.92860322236051374     
  -5.0000000000000000       0.96092134068272606     
  -4.9000000953674316       0.98387308342410928     
  -4.8000001907348633       0.99716778701862940     
  -4.7000002861022949        1.0006265041570324     
  -4.5999999046325684       0.99418016250311925     
  -4.5000000000000000       0.97786763933871335     
  -4.4000000953674316       0.95183303004605269     
  -4.3000001907348633       0.91632261973803064     
  -4.2000002861022949       0.87168113998271812     
  -4.0999999046325684       0.81834707857892974     
  -4.0000000000000000       0.75684861953644966     
  -3.9000000953674316       0.68779628797434356     
  -3.7999999523162842       0.61187722443471071     
  -3.7000000476837158       0.52984851788364018     
  -3.6000001430511475       0.44252833067407632     
  -3.5000000000000000       0.35078804390719870     
  -3.4000000953674316       0.25554414236989414     
  -3.2999999523162842       0.15774742524146609     
  -3.2000000476837158        5.8375246872979486E-002
  -3.1000001430511475       -4.1579902933148304E-002
  -3.0000000000000000      -0.14111965434119442     
  -2.9000000953674316      -0.23924903750292809     
  -2.7999999523162842      -0.33498808525140128     
  -2.7000000476837158      -0.42737977784269909     
  -2.6000001430511475      -0.51550121798551751     
  -2.5000000000000000      -0.59847212803379057     
  -2.4000000953674316      -0.67546310218797045     
  -2.2999999523162842      -0.74570524004225014     
  -2.2000000476837158      -0.80849637392113816     
  -2.1000001430511475      -0.86320929359621090     
  -2.0000000000000000      -0.90929742646144762     
  -1.8999999761581421      -0.94630009524277192     
  -1.8000000715255737      -0.97384761456655444     
  -1.7000000476837158      -0.99166480428562087     
  -1.6000000238418579      -0.99957360233709769     
  -1.5000000000000000      -0.99749498660130265     
  -1.3999999761581421      -0.98544972593527502     
  -1.3000000715255737      -0.96355820454995567     
  -1.2000000476837158      -0.93203910324572736     
  -1.1000000238418579      -0.89120737087599522     
  -1.0000000000000000      -0.84147098480789373     
 -0.90000003576278687      -0.78332693185798730     
 -0.80000001192092896      -0.71735609920491394     
 -0.69999998807907104      -0.64421767812006159     
 -0.60000002384185791      -0.56464249307256964     
 -0.50000000000000000      -0.47942553860420301     
 -0.40000000596046448      -0.38941834779860179     
 -0.30000001192092896      -0.29552021804983802     
 -0.20000000298023224      -0.19866933371588724     
 -0.10000000149011612       -9.9833418129499918E-002
   0.0000000000000000        0.0000000000000000     
  0.10000000149011612        9.9833418129499918E-002
  0.20000000298023224       0.19866933371588724     
  0.30000001192092896       0.29552021804983802     
  0.40000000596046448       0.38941834779860179     
  0.50000000000000000       0.47942553860420301     
  0.60000002384185791       0.56464249307256964     
  0.69999998807907104       0.64421767812006159     
  0.80000001192092896       0.71735609920491394     
  0.90000003576278687       0.78332693185798730     
   1.0000000000000000       0.84147098480789373     
   1.1000000238418579       0.89120737087599522     
   1.2000000476837158       0.93203910324572736     
   1.3000000715255737       0.96355820454995567     
   1.3999999761581421       0.98544972593527502     
   1.5000000000000000       0.99749498660130265     
   1.6000000238418579       0.99957360233709769     
   1.7000000476837158       0.99166480428562087     
   1.8000000715255737       0.97384761456655444     
   1.8999999761581421       0.94630009524277192     
   2.0000000000000000       0.90929742646144762     
   2.1000001430511475       0.86320929359621090     
   2.2000000476837158       0.80849637392113816     
   2.2999999523162842       0.74570524004225014     
   2.4000000953674316       0.67546310218797045     
   2.5000000000000000       0.59847212803379057     
   2.6000001430511475       0.51550121798551751     
   2.7000000476837158       0.42737977784269909     
   2.7999999523162842       0.33498808525140128     
   2.9000000953674316       0.23924903750292809     
   3.0000000000000000       0.14111965434119442     
   3.1000001430511475        4.1579902933148304E-002
   3.2000000476837158       -5.8375246872979486E-002
   3.2999999523162842      -0.15774742524146609     
   3.4000000953674316      -0.25554414236989414     
   3.5000000000000000      -0.35078804390719870     
   3.6000001430511475      -0.44252833067407632     
   3.7000000476837158      -0.52984851788364018     
   3.7999999523162842      -0.61187722443471071     
   3.9000000953674316      -0.68779628797434356     
   4.0000000000000000      -0.75684861953644966     
   4.0999999046325684      -0.81834707857892974     
   4.2000002861022949      -0.87168113998271812     
   4.3000001907348633      -0.91632261973803064     
   4.4000000953674316      -0.95183303004605269     
   4.5000000000000000      -0.97786763933871335     
   4.5999999046325684      -0.99418016250311925     
   4.7000002861022949       -1.0006265041570324     
   4.8000001907348633      -0.99716778701862940     
   4.9000000953674316      -0.98387308342410928     
   5.0000000000000000      -0.96092134068272606     
   5.0999999046325684      -0.92860322236051374     
   5.2000002861022949      -0.88732255149165562     
   5.3000001907348633      -0.83759890499267464     
   5.4000000953674316      -0.78006857780309358     
   5.5000000000000000      -0.71548820776474709     
   5.5999999046325684      -0.64473861977450686     
   5.7000002861022949      -0.56883010919071597     
   5.8000001907348633      -0.48891179312277022     
   5.9000000953674316      -0.40628022089144811     
   6.0000000000000000      -0.32239531896675105     
   6.0999999046325684      -0.23889923300452615     
   6.2000002861022949      -0.15764092894899884     
   6.3000001907348633       -8.0709795244455873E-002
   6.4000000953674316       -1.0473945871405932E-002
   6.5000000000000000        5.0367243589471977E-002
   6.5999999046325684        9.8720231719982232E-002
   6.7000002861022949       0.13101946648196816     
   6.8000001907348633       0.14313155639474484     
   6.9000000953674316       0.13024053535055380     
   7.0000000000000000        8.6707527517283722E-002
   7.0999999046325684        5.9033457253541144E-003
   7.2000002861022949      -0.11999242636869578     
   7.3000001907348633      -0.30022690424666099     
   7.4000000953674316      -0.54575940793890432     
   7.5000000000000000      -0.86959203264718177     
   7.5999999046325684       -1.2871613646943345     
   7.7000002861022949       -1.8167998785447548     
   7.8000001907348633       -2.4802612315541595     
   7.9000000953674316       -3.3033597886072243     
   8.0000000000000000       -4.3166870581896823     
   8.1000003814697266       -5.5564620784279128     
   8.1999998092651367       -7.0654723544029210     
   8.3000001907348633       -8.8942721703271843     
   8.4000005722045898       -11.102386623615971     
   8.5000000000000000       -13.759825627043952     
   8.6000003814697266       -16.948882318809211     
   8.6999998092651367       -20.765895663218814     
   8.8000001907348633       -25.323730264508498     
   8.9000005722045898       -30.754083125632917     
   9.0000000000000000       -37.210455521598846     
   9.1000003814697266       -44.871673251123354     
   9.1999998092651367       -53.945169535373282     
   9.3000001907348633       -64.671822135000809     
   9.4000005722045898       -77.330183631960892     
   9.5000000000000000       -92.242084691185312     
   9.6000003814697266       -109.77926828966247     
   9.6999998092651367       -130.36923048444817     
   9.8000001907348633       -154.50434333917678     
   9.9000005722045898       -182.74928032960020     
   10.000000000000000       -215.75122310572056     
 
  -10.000000000000000        16.811850137411795     
  -9.9000005722045898        13.675555536770162     
  -9.8000001907348633        11.083164766191743     
  -9.6999998092651367        8.9412511702302169     
  -9.6000003814697266        7.1718897201099239     
  -9.5000000000000000        5.7102029814757671     
  -9.4000005722045898        4.5024046567619429     
  -9.3000001907348633        3.5039248271423880     
  -9.1999998092651367        2.6779995580678531     
  -9.1000003814697266        1.9943576582592240     
  -9.0000000000000000        1.4281312932985273     
  -8.9000005722045898       0.95898743877203252     
  -8.8000001907348633       0.57031419548856466     
  -8.6999998092651367       0.24860592511075019     
  -8.6000003814697266       -1.7098671139498478E-002
  -8.5000000000000000      -0.23567922940600683     
  -8.4000005722045898      -0.41430070151113174     
  -8.3000001907348633      -0.55875086195917989     
  -8.1999998092651367      -0.67369450340974901     
  -8.1000003814697266      -0.76290180273664920     
  -8.0000000000000000      -0.82943346865932477     
  -7.9000000953674316      -0.87578725020550241     
  -7.8000001907348633      -0.90402693274710744     
  -7.7000002861022949      -0.91588242812248255     
  -7.5999999046325684      -0.91283291508393649     
  -7.5000000000000000      -0.89617374508296033     
  -7.4000000953674316      -0.86706967191076423     
  -7.3000001907348633      -0.82659690871163338     
  -7.2000002861022949      -0.77577578823621196     
  -7.0999999046325684      -0.71559522492214656     
  -7.0000000000000000      -0.64703211411528905     
  -6.9000000953674316      -0.57106234692887647     
  -6.8000001907348633      -0.48867012960289513     
  -6.7000002861022949      -0.40085218181975990     
  -6.5999999046325684      -0.30861867105306956     
  -6.5000000000000000      -0.21299386272206111     
  -6.4000000953674316      -0.11501031302039808     
  -6.3000001907348633       -1.5705836860188491E-002
  -6.2000002861022949        8.3882954759867762E-002
  -6.0999999046325684       0.18272810126870931     
  -6.0000000000000000       0.27981606363561601     
  -5.9000000953674316       0.37415865057091852     
  -5.8000001907348633       0.46479944273054208     
  -5.7000002861022949       0.55082262772366675     
  -5.5999999046325684       0.63136160855893741     
  -5.5000000000000000       0.70560546338521679     
  -5.4000000953674316       0.77280882719206700     
  -5.3000001907348633       0.83229738289673749     
  -5.2000002861022949       0.88347470245925053     
  -5.0999999046325684       0.92582816749072172     
  -5.0000000000000000       0.95893316519659633     
  -4.9000000953674316       0.98245842254291771     
  -4.8000001907348633       0.99616837877430320     
  -4.7000002861022949       0.99992569910285722     
  -4.5999999046325684       0.99369254770942184     
  -4.5000000000000000       0.97753109935564486     
  -4.4000000953674316       0.95160271662468066     
  -4.3000001907348633       0.91616639235476827     
  -4.2000002861022949       0.87157614438094733     
  -4.0999999046325684       0.81827719615597727     
  -4.0000000000000000       0.75680257873961387     
  -3.9000000953674316       0.68776627751546293     
  -3.7999999523162842       0.61185788172600475     
  -3.7000000476837158       0.52983619765142176     
  -3.6000001430511475       0.44252058076012746     
  -3.5000000000000000       0.35078323277891615     
  -3.4000000953674316       0.25554119700037420     
  -3.2999999523162842       0.15774564853964407     
  -3.2000000476837158        5.8374191808159483E-002
  -3.1000001430511475       -4.1580519105862974E-002
  -3.0000000000000000      -0.14112000785871492     
  -2.9000000953674316      -0.23924923651737706     
  -2.7999999523162842      -0.33498819503722088     
  -2.7000000476837158      -0.42737983710222699     
  -2.6000001430511475      -0.51550124923253215     
  -2.5000000000000000      -0.59847214409956062     
  -2.4000000953674316      -0.67546311022593630     
  -2.2999999523162842      -0.74570524394647175     
  -2.2000000476837158      -0.80849637575736844     
  -2.1000001430511475      -0.86320929442993721     
  -2.0000000000000000      -0.90929742682564096     
  -1.8999999761581421      -0.94630009539522431     
  -1.8000000715255737      -0.97384761462742830     
  -1.7000000476837158      -0.99166480430868187     
  -1.6000000238418579      -0.99957360234533355     
  -1.5000000000000000      -0.99749498660405445     
  -1.3999999761581421      -0.98544972593612734     
  -1.3000000715255737      -0.96355820455019769     
  -1.2000000476837158      -0.93203910324578954     
  -1.1000000238418579      -0.89120737087600943     
  -1.0000000000000000      -0.84147098480789650     
 -0.90000003576278687      -0.78332693185798774     
 -0.80000001192092896      -0.71735609920491406     
 -0.69999998807907104      -0.64421767812006159     
 -0.60000002384185791      -0.56464249307256964     
 -0.50000000000000000      -0.47942553860420301     
 -0.40000000596046448      -0.38941834779860179     
 -0.30000001192092896      -0.29552021804983802     
 -0.20000000298023224      -0.19866933371588724     
 -0.10000000149011612       -9.9833418129499918E-002
   0.0000000000000000        0.0000000000000000     
  0.10000000149011612        9.9833418129499918E-002
  0.20000000298023224       0.19866933371588724     
  0.30000001192092896       0.29552021804983802     
  0.40000000596046448       0.38941834779860179     
  0.50000000000000000       0.47942553860420301     
  0.60000002384185791       0.56464249307256964     
  0.69999998807907104       0.64421767812006159     
  0.80000001192092896       0.71735609920491406     
  0.90000003576278687       0.78332693185798774     
   1.0000000000000000       0.84147098480789650     
   1.1000000238418579       0.89120737087600943     
   1.2000000476837158       0.93203910324578954     
   1.3000000715255737       0.96355820455019769     
   1.3999999761581421       0.98544972593612734     
   1.5000000000000000       0.99749498660405445     
   1.6000000238418579       0.99957360234533355     
   1.7000000476837158       0.99166480430868187     
   1.8000000715255737       0.97384761462742830     
   1.8999999761581421       0.94630009539522431     
   2.0000000000000000       0.90929742682564096     
   2.1000001430511475       0.86320929442993721     
   2.2000000476837158       0.80849637575736844     
   2.2999999523162842       0.74570524394647175     
   2.4000000953674316       0.67546311022593630     
   2.5000000000000000       0.59847214409956062     
   2.6000001430511475       0.51550124923253215     
   2.7000000476837158       0.42737983710222699     
   2.7999999523162842       0.33498819503722088     
   2.9000000953674316       0.23924923651737706     
   3.0000000000000000       0.14112000785871492     
   3.1000001430511475        4.1580519105862974E-002
   3.2000000476837158       -5.8374191808159483E-002
   3.2999999523162842      -0.15774564853964407     
   3.4000000953674316      -0.25554119700037420     
   3.5000000000000000      -0.35078323277891615     
   3.6000001430511475      -0.44252058076012746     
   3.7000000476837158      -0.52983619765142176     
   3.7999999523162842      -0.61185788172600475     
   3.9000000953674316      -0.68776627751546293     
   4.0000000000000000      -0.75680257873961387     
   4.0999999046325684      -0.81827719615597727     
   4.2000002861022949      -0.87157614438094733     
   4.3000001907348633      -0.91616639235476827     
   4.4000000953674316      -0.95160271662468066     
   4.5000000000000000      -0.97753109935564486     
   4.5999999046325684      -0.99369254770942184     
   4.7000002861022949      -0.99992569910285722     
   4.8000001907348633      -0.99616837877430320     
   4.9000000953674316      -0.98245842254291771     
   5.0000000000000000      -0.95893316519659633     
   5.0999999046325684      -0.92582816749072172     
   5.2000002861022949      -0.88347470245925053     
   5.3000001907348633      -0.83229738289673749     
   5.4000000953674316      -0.77280882719206700     
   5.5000000000000000      -0.70560546338521679     
   5.5999999046325684      -0.63136160855893741     
   5.7000002861022949      -0.55082262772366675     
   5.8000001907348633      -0.46479944273054208     
   5.9000000953674316      -0.37415865057091852     
   6.0000000000000000      -0.27981606363561601     
   6.0999999046325684      -0.18272810126870931     
   6.2000002861022949       -8.3882954759867762E-002
   6.3000001907348633        1.5705836860188491E-002
   6.4000000953674316       0.11501031302039808     
   6.5000000000000000       0.21299386272206111     
   6.5999999046325684       0.30861867105306956     
   6.7000002861022949       0.40085218181975990     
   6.8000001907348633       0.48867012960289513     
   6.9000000953674316       0.57106234692887647     
   7.0000000000000000       0.64703211411528905     
   7.0999999046325684       0.71559522492214656     
   7.2000002861022949       0.77577578823621196     
   7.3000001907348633       0.82659690871163338     
   7.4000000953674316       0.86706967191076423     
   7.5000000000000000       0.89617374508296033     
   7.5999999046325684       0.91283291508393649     
   7.7000002861022949       0.91588242812248255     
   7.8000001907348633       0.90402693274710744     
   7.9000000953674316       0.87578725020550241     
   8.0000000000000000       0.82943346865932477     
   8.1000003814697266       0.76290180273664920     
   8.1999998092651367       0.67369450340974901     
   8.3000001907348633       0.55875086195917989     
   8.4000005722045898       0.41430070151113174     
   8.5000000000000000       0.23567922940600683     
   8.6000003814697266        1.7098671139498478E-002
   8.6999998092651367      -0.24860592511075019     
   8.8000001907348633      -0.57031419548856466     
   8.9000005722045898      -0.95898743877203252     
   9.0000000000000000       -1.4281312932985273     
   9.1000003814697266       -1.9943576582592240     
   9.1999998092651367       -2.6779995580678531     
   9.3000001907348633       -3.5039248271423880     
   9.4000005722045898       -4.5024046567619429     
   9.5000000000000000       -5.7102029814757671     
   9.6000003814697266       -7.1718897201099239     
   9.6999998092651367       -8.9412511702302169     
   9.8000001907348633       -11.083164766191743     
   9.9000005722045898       -13.675555536770162     
   10.000000000000000       -16.811850137411795     
 
  -10.000000000000000        1.1070792446512163     
  -9.9000005722045898       0.89661963788542520     
  -9.8000001907348633       0.70800437899017155     
  -9.6999998092651367       0.53670724671033643     
  -9.6000003814697266       0.37931717358817418     
  -9.5000000000000000       0.23331900915822668     
  -9.4000005722045898        9.6925729541135319E-002
  -9.3000001907348633       -3.1079846098318265E-002
  -9.1999998092651367      -0.15145722991508770     
  -9.1000003814697266      -0.26461296005169266     
  -9.0000000000000000      -0.37068660360255945     
  -8.9000005722045898      -0.46961215443812104     
  -8.8000001907348633      -0.56118308463077282     
  -8.6999998092651367      -0.64509275953769507     
  -8.6000003814697266      -0.72097669003138554     
  -8.5000000000000000      -0.78844672762704637     
  -8.4000005722045898      -0.84711291922978427     
  -8.3000001907348633      -0.89661061484271742     
  -8.1999998092651367      -0.93661430167179394     
  -8.1000003814697266      -0.96685421213945910     
  -8.0000000000000000      -0.98712833948763612     
  -7.9000000953674316      -0.99730965199487143     
  -7.8000001907348633      -0.99735420700816935     
  -7.7000002861022949      -0.98730521784332559     
  -7.5999999046325684      -0.96729590829246448     
  -7.5000000000000000      -0.93755115242243159     
  -7.4000000953674316      -0.89838661713055867     
  -7.3000001907348633      -0.85020745075108217     
  -7.2000002861022949      -0.79350531878482611     
  -7.0999999046325684      -0.72885404741491366     
  -7.0000000000000000      -0.65690582967350786     
  -6.9000000953674316      -0.57838336934399892     
  -6.8000001907348633      -0.49407423954587870     
  -6.7000002861022949      -0.40482301237316243     
  -6.5999999046325684      -0.31152258324331100     
  -6.5000000000000000      -0.21510720569283309     
  -6.4000000953674316      -0.11654060911503705     
  -6.3000001907348633       -1.6808218859160479E-002
  -6.2000002861022949        8.3093060753361689E-002
  -6.0999999046325684       0.18216522841467303     
  -6.0000000000000000       0.27941724110253796     
  -5.9000000953674316       0.37387772321779450     
  -5.8000001907348633       0.46460275971956522     
  -5.7000002861022949       0.55068578958732706     
  -5.5999999046325684       0.63126702441887961     
  -5.5000000000000000       0.70554052509527820     
  -5.4000000953674316       0.77276455333412286     
  -5.3000001907348633       0.83226741575806606     
  -5.2000002861022949       0.88345457098721658     
  -5.0999999046325684       0.92581474876458592     
  -5.0000000000000000       0.95892429321281991     
  -4.9000000953674316       0.98245260604661067     
  -4.8000001907348633       0.99616459885019759     
  -4.7000002861022949       0.99992326507391571     
  -4.5999999046325684       0.99369099525702886     
  -4.5000000000000000       0.97753011900560660     
  -4.4000000953674316       0.95160210396432576     
  -4.3000001907348633       0.91616601362706829     
  -4.2000002861022949       0.87157591291805581     
  -4.0999999046325684       0.81827705637633585     
  -4.0000000000000000       0.75680249537889144     
  -3.9000000953674316       0.68776622845199442     
  -3.7999999523162842       0.61185785324616626     
  -3.7000000476837158       0.52983618135919097     
  -3.6000001430511475       0.44252057158228486     
  -3.5000000000000000       0.35078322769215192     
  -3.4000000953674316       0.25554119422911797     
  -3.2999999523162842       0.15774564705712640     
  -3.2000000476837158        5.8374191030254180E-002
  -3.1000001430511475       -4.1580519505738281E-002
  -3.0000000000000000      -0.14112000805981317     
  -2.9000000953674316      -0.23924923661617217     
  -2.7999999523162842      -0.33498819508455702     
  -2.7000000476837158      -0.42737983712430666     
  -2.6000001430511475      -0.51550124924253804     
  -2.5000000000000000      -0.59847214410395599     
  -2.4000000953674316      -0.67546311022780314     
  -2.2999999523162842      -0.74570524394723625     
  -2.2000000476837158      -0.80849637575766931     
  -2.1000001430511475      -0.86320929443005057     
  -2.0000000000000000      -0.90929742682568171     
  -1.8999999761581421      -0.94630009539523818     
  -1.8000000715255737      -0.97384761462743274     
  -1.7000000476837158      -0.99166480430868320     
  -1.6000000238418579      -0.99957360234533388     
  -1.5000000000000000      -0.99749498660405456     
  -1.3999999761581421      -0.98544972593612734     
  -1.3000000715255737      -0.96355820455019769     
  -1.2000000476837158      -0.93203910324578954     
  -1.1000000238418579      -0.89120737087600943     
  -1.0000000000000000      -0.84147098480789650     
 -0.90000003576278687      -0.78332693185798774     
 -0.80000001192092896      -0.71735609920491406     
 -0.69999998807907104      -0.64421767812006159     
 -0.60000002384185791      -0.56464249307256964     
 -0.50000000000000000      -0.47942553860420301     
 -0.40000000596046448      -0.38941834779860179     
 -0.30000001192092896      -0.29552021804983802     
 -0.20000000298023224      -0.19866933371588724     
 -0.10000000149011612       -9.9833418129499918E-002
   0.0000000000000000        0.0000000000000000     
  0.10000000149011612        9.9833418129499918E-002
  0.20000000298023224       0.19866933371588724     
  0.30000001192092896       0.29552021804983802     
  0.40000000596046448       0.38941834779860179     
  0.50000000000000000       0.47942553860420301     
  0.60000002384185791       0.56464249307256964     
  0.69999998807907104       0.64421767812006159     
  0.80000001192092896       0.71735609920491406     
  0.90000003576278687       0.78332693185798774     
   1.0000000000000000       0.84147098480789650     
   1.1000000238418579       0.89120737087600943     
   1.2000000476837158       0.93203910324578954     
   1.3000000715255737       0.96355820455019769     
   1.3999999761581421       0.98544972593612734     
   1.5000000000000000       0.99749498660405456     
   1.6000000238418579       0.99957360234533388     
   1.7000000476837158       0.99166480430868320     
   1.8000000715255737       0.97384761462743274     
   1.8999999761581421       0.94630009539523818     
   2.0000000000000000       0.90929742682568171     
   2.1000001430511475       0.86320929443005057     
   2.2000000476837158       0.80849637575766931     
   2.2999999523162842       0.74570524394723625     
   2.4000000953674316       0.67546311022780314     
   2.5000000000000000       0.59847214410395599     
   2.6000001430511475       0.51550124924253804     
   2.7000000476837158       0.42737983712430666     
   2.7999999523162842       0.33498819508455702     
   2.9000000953674316       0.23924923661617217     
   3.0000000000000000       0.14112000805981317     
   3.1000001430511475        4.1580519505738281E-002
   3.2000000476837158       -5.8374191030254180E-002
   3.2999999523162842      -0.15774564705712640     
   3.4000000953674316      -0.25554119422911797     
   3.5000000000000000      -0.35078322769215192     
   3.6000001430511475      -0.44252057158228486     
   3.7000000476837158      -0.52983618135919097     
   3.7999999523162842      -0.61185785324616626     
   3.9000000953674316      -0.68776622845199442     
   4.0000000000000000      -0.75680249537889144     
   4.0999999046325684      -0.81827705637633585     
   4.2000002861022949      -0.87157591291805581     
   4.3000001907348633      -0.91616601362706829     
   4.4000000953674316      -0.95160210396432576     
   4.5000000000000000      -0.97753011900560660     
   4.5999999046325684      -0.99369099525702886     
   4.7000002861022949      -0.99992326507391571     
   4.8000001907348633      -0.99616459885019759     
   4.9000000953674316      -0.98245260604661067     
   5.0000000000000000      -0.95892429321281991     
   5.0999999046325684      -0.92581474876458592     
   5.2000002861022949      -0.88345457098721658     
   5.3000001907348633      -0.83226741575806606     
   5.4000000953674316      -0.77276455333412286     
   5.5000000000000000      -0.70554052509527820     
   5.5999999046325684      -0.63126702441887961     
   5.7000002861022949      -0.55068578958732706     
   5.8000001907348633      -0.46460275971956522     
   5.9000000953674316      -0.37387772321779450     
   6.0000000000000000      -0.27941724110253796     
   6.0999999046325684      -0.18216522841467303     
   6.2000002861022949       -8.3093060753361689E-002
   6.3000001907348633        1.6808218859160479E-002
   6.4000000953674316       0.11654060911503705     
   6.5000000000000000       0.21510720569283309     
   6.5999999046325684       0.31152258324331100     
   6.7000002861022949       0.40482301237316243     
   6.8000001907348633       0.49407423954587870     
   6.9000000953674316       0.57838336934399892     
   7.0000000000000000       0.65690582967350786     
   7.0999999046325684       0.72885404741491366     
   7.2000002861022949       0.79350531878482611     
   7.3000001907348633       0.85020745075108217     
   7.4000000953674316       0.89838661713055867     
   7.5000000000000000       0.93755115242243159     
   7.5999999046325684       0.96729590829246448     
   7.7000002861022949       0.98730521784332559     
   7.8000001907348633       0.99735420700816935     
   7.9000000953674316       0.99730965199487143     
   8.0000000000000000       0.98712833948763612     
   8.1000003814697266       0.96685421213945910     
   8.1999998092651367       0.93661430167179394     
   8.3000001907348633       0.89661061484271742     
   8.4000005722045898       0.84711291922978427     
   8.5000000000000000       0.78844672762704637     
   8.6000003814697266       0.72097669003138554     
   8.6999998092651367       0.64509275953769507     
   8.8000001907348633       0.56118308463077282     
   8.9000005722045898       0.46961215443812104     
   9.0000000000000000       0.37068660360255945     
   9.1000003814697266       0.26461296005169266     
   9.1999998092651367       0.15145722991508770     
   9.3000001907348633        3.1079846098318265E-002
   9.4000005722045898       -9.6925729541135319E-002
   9.5000000000000000      -0.23331900915822668     
   9.6000003814697266      -0.37931717358817418     
   9.6999998092651367      -0.53670724671033643     
   9.8000001907348633      -0.70800437899017155     
   9.9000005722045898      -0.89661963788542520     
   10.000000000000000       -1.1070792446512163     
 
