  -10.000000000000000        156.66666666666666                1
  -9.9000005722045898        151.81652746868295                1
  -9.8000001907348633        147.06534230168677                1
  -9.6999998092651367        142.41215788428005                1
  -9.6000003814697266        137.85601719665596                1
  -9.5000000000000000        133.39583333333331                1
  -9.4000005722045898        129.03069137446238                1
  -9.3000001907348633        124.75950805759447                1
  -9.1999998092651367        120.58132545216893                1
  -9.1000003814697266        116.49518207995163                1
  -9.0000000000000000        112.50000000000000                1
  -8.9000005722045898        108.59485542329298                1
  -8.8000001907348633        104.77867386118587                1
  -8.6999998092651367        101.05049297237412                1
  -8.6000003814697266        97.409347058614713                1
  -8.5000000000000000        93.854166666666657                1
  -8.4000005722045898        90.384019615174708                1
  -8.3000001907348633        86.997839712460987                1
  -8.1999998092651367        83.694660444895561                1
  -8.1000003814697266        80.473512132645240                1
  -8.0000000000000000        77.333333333333329                1
  -7.9000000953674316        74.273169547239974                1
  -7.8000001907348633        71.292005611419810                1
  -7.7000002861022949        68.388841528733877                1
  -7.5999999046325684        65.562664007822704                1
  -7.5000000000000000        62.812500000000000                1
  -7.4000000953674316        60.137335849126202                1
  -7.3000001907348633        57.536171558062364                1
  -7.2000002861022949        55.008007129669480                1
  -7.0999999046325684        52.551831024964685                1
  -7.0000000000000000        50.166666666666664                1
  -6.9000000953674316        47.851502174854303                1
  -6.8000001907348633        45.605337552388626                1
  -6.7000002861022949        43.427172802130656                1
  -6.5999999046325684        41.315998018264800                1
  -6.5000000000000000        39.270833333333329                1
  -6.4000000953674316        37.290668524424262                1
  -6.3000001907348633        35.374503594398611                1
  -6.2000002861022949        33.521338546117398                1
  -6.0999999046325684        31.730164987723057                1
  -6.0000000000000000        30.000000000000000                1
  -5.9000000953674316        28.329834897836072                1
  -5.8000001907348633        26.718669684092305                1
  -5.7000002861022949        25.165504361629718                1
  -5.5999999046325684        23.669331933339464                1
  -5.5000000000000000        22.229166666666664                1
  -5.4000000953674316        20.844001295089743                1
  -5.3000001907348633        19.512835821469722                1
  -5.2000002861022949        18.234670248667612                1
  -5.0999999046325684        17.008498855114006                1
  -5.0000000000000000        15.833333333333332                1
  -4.9000000953674316        14.708167716185272                1
  -4.8000001907348633        13.632002006530847                1
  -4.7000002861022949        12.603836207231076                1
  -4.5999999046325684        11.622665753046689                1
  -4.5000000000000000        10.687500000000000                1
  -4.4000000953674316        9.7973341611226594                1
  -4.3000001907348633        8.9511682392756917                1
  -4.2000002861022949        8.1480022373201173                1
  -4.0999999046325684        7.3868326271375189                1
  -4.0000000000000000        6.6666666666666661                1
  -3.9000000953674316        5.9865006299019026                1
  -3.7999999523162842        5.3453330367406249                1
  -3.7000000476837158        4.7421669453779884                1
  -3.6000001430511475        4.1760007839203244                1
  -3.5000000000000000        3.6458333333333330                1
  -3.4000000953674316        3.1506671225230045                1
  -3.2999999523162842        2.6894997880458869                1
  -3.2000000476837158        2.2613335297902459                1
  -3.1000001430511475        1.8651672109763142                1
  -3.0000000000000000        1.5000000000000000                1
  -2.9000000953674316        1.1648336389859644                1
  -2.7999999523162842       0.85866652743021987                1
  -2.7000000476837158       0.58050012612343105                1
  -2.6000001430511475       0.32933367379509093                1
  -2.5000000000000000       0.10416666666666652                1
  -2.4000000953674316       -9.5999820709217865E-002           1
  -2.2999999523162842      -0.27216674510637695                1
  -2.2000000476837158      -0.42533326562245444                1
  -2.1000001430511475      -0.55649982762334593                1
  -2.0000000000000000      -0.66666666666666674                1
  -1.8999999761581421      -0.75683335252602846                1
  -1.8000000715255737      -0.82799995565413975                1
  -1.7000000476837158      -0.88116664544741130                1
  -1.6000000238418579      -0.91733332665761269                1
  -1.5000000000000000      -0.93750000000000000                1
  -1.3999999761581421      -0.94266666618982908                1
  -1.3000000715255737      -0.93383334441979393                1
  -1.2000000476837158      -0.91200001335143910                1
  -1.1000000238418579      -0.87816667608420018                1
  -1.0000000000000000      -0.83333333333333337                1
 -0.90000003576278687      -0.77850002127885765                1
 -0.80000001192092896      -0.71466667477289825                1
 -0.69999998807907104      -0.64283332433303197                1
 -0.60000002384185791      -0.56400001955032331                1
 -0.50000000000000000      -0.47916666666666669                1
 -0.40000000596046448      -0.38933333881696064                1
 -0.30000001192092896      -0.29550001138448712                1
 -0.20000000298023224      -0.19866666958729426                1
 -0.10000000149011612       -9.9833334815998875E-002           1
   0.0000000000000000        0.0000000000000000                1
  0.10000000149011612        9.9833334815998875E-002           1
  0.20000000298023224       0.19866666958729426                1
  0.30000001192092896       0.29550001138448712                1
  0.40000000596046448       0.38933333881696064                1
  0.50000000000000000       0.47916666666666669                1
  0.60000002384185791       0.56400001955032331                1
  0.69999998807907104       0.64283332433303197                1
  0.80000001192092896       0.71466667477289825                1
  0.90000003576278687       0.77850002127885765                1
   1.0000000000000000       0.83333333333333337                1
   1.1000000238418579       0.87816667608420018                1
   1.2000000476837158       0.91200001335143910                1
   1.3000000715255737       0.93383334441979393                1
   1.3999999761581421       0.94266666618982908                1
   1.5000000000000000       0.93750000000000000                1
   1.6000000238418579       0.91733332665761269                1
   1.7000000476837158       0.88116664544741130                1
   1.8000000715255737       0.82799995565413975                1
   1.8999999761581421       0.75683335252602846                1
   2.0000000000000000       0.66666666666666674                1
   2.1000001430511475       0.55649982762334593                1
   2.2000000476837158       0.42533326562245444                1
   2.2999999523162842       0.27216674510637695                1
   2.4000000953674316        9.5999820709217865E-002           1
   2.5000000000000000      -0.10416666666666652                1
   2.6000001430511475      -0.32933367379509093                1
   2.7000000476837158      -0.58050012612343105                1
   2.7999999523162842      -0.85866652743021987                1
   2.9000000953674316       -1.1648336389859644                1
   3.0000000000000000       -1.5000000000000000                1
   3.1000001430511475       -1.8651672109763142                1
   3.2000000476837158       -2.2613335297902459                1
   3.2999999523162842       -2.6894997880458869                1
   3.4000000953674316       -3.1506671225230045                1
   3.5000000000000000       -3.6458333333333330                1
   3.6000001430511475       -4.1760007839203244                1
   3.7000000476837158       -4.7421669453779884                1
   3.7999999523162842       -5.3453330367406249                1
   3.9000000953674316       -5.9865006299019026                1
   4.0000000000000000       -6.6666666666666661                1
   4.0999999046325684       -7.3868326271375189                1
   4.2000002861022949       -8.1480022373201173                1
   4.3000001907348633       -8.9511682392756917                1
   4.4000000953674316       -9.7973341611226594                1
   4.5000000000000000       -10.687500000000000                1
   4.5999999046325684       -11.622665753046689                1
   4.7000002861022949       -12.603836207231076                1
   4.8000001907348633       -13.632002006530847                1
   4.9000000953674316       -14.708167716185272                1
   5.0000000000000000       -15.833333333333332                1
   5.0999999046325684       -17.008498855114006                1
   5.2000002861022949       -18.234670248667612                1
   5.3000001907348633       -19.512835821469722                1
   5.4000000953674316       -20.844001295089743                1
   5.5000000000000000       -22.229166666666664                1
   5.5999999046325684       -23.669331933339464                1
   5.7000002861022949       -25.165504361629718                1
   5.8000001907348633       -26.718669684092305                1
   5.9000000953674316       -28.329834897836072                1
   6.0000000000000000       -30.000000000000000                1
   6.0999999046325684       -31.730164987723057                1
   6.2000002861022949       -33.521338546117398                1
   6.3000001907348633       -35.374503594398611                1
   6.4000000953674316       -37.290668524424262                1
   6.5000000000000000       -39.270833333333329                1
   6.5999999046325684       -41.315998018264800                1
   6.7000002861022949       -43.427172802130656                1
   6.8000001907348633       -45.605337552388626                1
   6.9000000953674316       -47.851502174854303                1
   7.0000000000000000       -50.166666666666664                1
   7.0999999046325684       -52.551831024964685                1
   7.2000002861022949       -55.008007129669480                1
   7.3000001907348633       -57.536171558062364                1
   7.4000000953674316       -60.137335849126202                1
   7.5000000000000000       -62.812500000000000                1
   7.5999999046325684       -65.562664007822704                1
   7.7000002861022949       -68.388841528733877                1
   7.8000001907348633       -71.292005611419810                1
   7.9000000953674316       -74.273169547239974                1
   8.0000000000000000       -77.333333333333329                1
   8.1000003814697266       -80.473512132645240                1
   8.1999998092651367       -83.694660444895561                1
   8.3000001907348633       -86.997839712460987                1
   8.4000005722045898       -90.384019615174708                1
   8.5000000000000000       -93.854166666666657                1
   8.6000003814697266       -97.409347058614713                1
   8.6999998092651367       -101.05049297237412                1
   8.8000001907348633       -104.77867386118587                1
   8.9000005722045898       -108.59485542329298                1
   9.0000000000000000       -112.50000000000000                1
   9.1000003814697266       -116.49518207995163                1
   9.1999998092651367       -120.58132545216893                1
   9.3000001907348633       -124.75950805759447                1
   9.4000005722045898       -129.03069137446238                1
   9.5000000000000000       -133.39583333333331                1
   9.6000003814697266       -137.85601719665596                1
   9.6999998092651367       -142.41215788428005                1
   9.8000001907348633       -147.06534230168677                1
   9.9000005722045898       -151.81652746868295                1
   10.000000000000000       -156.66666666666666                1
  
  -10.000000000000000        1307.4603174603174                2
  -9.9000005722045898        1208.6613461680126                2
  -9.8000001907348633        1116.2694691243310                2
  -9.6999998092651367        1029.9408845374087                2
  -9.6000003814697266        949.34626738526595                2
  -9.5000000000000000        874.16825861855159                2
  -9.4000005722045898        804.10626139475721                2
  -9.3000001907348633        738.87024599681558                2
  -9.1999998092651367        678.18511360691264                2
  -9.1000003814697266        621.78806921944351                2
  -9.0000000000000000        569.42678571428564                2
  -8.9000005722045898        520.86266448453364                2
  -8.8000001907348633        475.86643040516879                2
  -8.6999998092651367        434.22107478886983                2
  -8.6000003814697266        395.71994038400373                2
  -8.5000000000000000        360.16539093501979                2
  -8.4000005722045898        327.37094746002515                2
  -8.3000001907348633        297.15821180058185                2
  -8.1999998092651367        269.35877541283719                2
  -8.1000003814697266        243.81283879989957                2
  -8.0000000000000000        220.36825396825395                2
  -7.9000000953674316        198.88175988619540                2
  -7.8000001907348633        179.21736341773442                2
  -7.7000002861022949        161.24661671752352                2
  -7.5999999046325684        144.84812778391159                2
  -7.5000000000000000        129.90757533482144                2
  -7.4000000953674316        116.31695783076586                2
  -7.3000001907348633        103.97463805716433                2
  -7.2000002861022949        92.784993743406815                2
  -7.0999999046325684        82.658111539908788                2
  -7.0000000000000000        73.509722222222223                2
  -6.9000000953674316        65.260665930060796                2
  -6.8000001907348633        57.836851370620053                2
  -6.7000002861022949        51.168973533052622                2
  -6.5999999046325684        45.192262107380962                2
  -6.5000000000000000        39.846374317956347                2
  -6.4000000953674316        35.075013227916529                2
  -6.3000001907348633        30.825840149392498                2
  -6.2000002861022949        27.050246513802996                2
  -6.0999999046325684        23.703147233323961                2
  -6.0000000000000000        20.742857142857147                2
  -5.9000000953674316        18.130816404346227                2
  -5.8000001907348633        15.831483115626718                2
  -5.7000002861022949        13.812149330544703                2
  -5.5999999046325684        12.042772040626865                2
  -5.5000000000000000        10.495850384424600                2
  -5.4000000953674316        9.1462255890545272                2
  -5.3000001907348633        7.9709717166144713                2
  -5.2000002861022949        6.9492481213753123                2
  -5.0999999046325684        6.0621623803297702                2
  -5.0000000000000000        5.2926587301587276                2
  -4.9000000953674316        4.6253701764425355                2
  -4.8000001907348633        4.0465184220666117                2
  -4.7000002861022949        3.5437967977393097                2
  -4.5999999046325684        3.1062606823914400                2
  -4.5000000000000000        2.7242327008928573                2
  -4.4000000953674316        2.3891921421028242                2
  -4.3000001907348633        2.0936900243659204                2
  -4.2000002861022949        1.8312578290346115                2
  -4.0999999046325684        1.5963218049669274                2
  -4.0000000000000000        1.3841269841269837                2
  -3.9000000953674316        1.1906543608045568                2
  -3.7999999523162842        1.0125530332007884                2
  -3.7000000476837158       0.84707265033778945                2
  -3.6000001430511475       0.69199674099322550                2
  -3.5000000000000000       0.54558376736111081                2
  -3.4000000953674316       0.40651142596875234                2
  -3.2999999523162842       0.27382121545810179                2
  -3.2000000476837158       0.14687156653627453                2
  -3.1000001430511475        2.5289454127761291E-002           2
  -3.0000000000000000       -9.1071428571428470E-002           2
  -2.9000000953674316      -0.20216952936635063                2
  -2.7999999523162842      -0.30781388014071909                2
  -2.7000000476837158      -0.40769551327085185                2
  -2.6000001430511475      -0.50141989085859384                2
  -2.5000000000000000      -0.58853391617063511                2
  -2.4000000953674316      -0.66855051008980571                2
  -2.2999999523162842      -0.74097255552131436                2
  -2.2000000476837158      -0.80531141005291262                2
  -2.1000001430511475      -0.86110579275287025                2
  -2.0000000000000000      -0.90793650793650793                2
  -1.8999999761581421      -0.94543937409401246                2
  -1.8000000715255737      -0.97331676070347406                2
  -1.7000000476837158      -0.99134643677234091                2
  -1.6000000238418579      -0.99938856562834699                2
  -1.5000000000000000      -0.99739118303571428                2
  -1.3999999761581421      -0.98539379151176210                2
  -1.3000000715255737      -0.96352942552753251                2
  -1.2000000476837158      -0.93202506870212998                2
  -1.1000000238418579      -0.89120094392840277                2
  -1.0000000000000000      -0.84146825396825398                2
 -0.90000003576278687      -0.78332587205155457                2
 -0.80000001192092896      -0.71735573147994502                2
 -0.69999998807907104      -0.64421756741016534                2
 -0.60000002384185791      -0.56464246539181007                2
 -0.50000000000000000      -0.47942553323412701                2
 -0.40000000596046448      -0.38941834707725281                2
 -0.30000001192092896      -0.29552021799564127                2
 -0.20000000298023224      -0.19866933371447681                2
 -0.10000000149011612       -9.9833418129497156E-002           2
   0.0000000000000000        0.0000000000000000                2
  0.10000000149011612        9.9833418129497156E-002           2
  0.20000000298023224       0.19866933371447681                2
  0.30000001192092896       0.29552021799564127                2
  0.40000000596046448       0.38941834707725281                2
  0.50000000000000000       0.47942553323412701                2
  0.60000002384185791       0.56464246539181007                2
  0.69999998807907104       0.64421756741016534                2
  0.80000001192092896       0.71735573147994502                2
  0.90000003576278687       0.78332587205155457                2
   1.0000000000000000       0.84146825396825398                2
   1.1000000238418579       0.89120094392840277                2
   1.2000000476837158       0.93202506870212998                2
   1.3000000715255737       0.96352942552753251                2
   1.3999999761581421       0.98539379151176210                2
   1.5000000000000000       0.99739118303571428                2
   1.6000000238418579       0.99938856562834699                2
   1.7000000476837158       0.99134643677234091                2
   1.8000000715255737       0.97331676070347406                2
   1.8999999761581421       0.94543937409401246                2
   2.0000000000000000       0.90793650793650793                2
   2.1000001430511475       0.86110579275287025                2
   2.2000000476837158       0.80531141005291262                2
   2.2999999523162842       0.74097255552131436                2
   2.4000000953674316       0.66855051008980571                2
   2.5000000000000000       0.58853391617063511                2
   2.6000001430511475       0.50141989085859384                2
   2.7000000476837158       0.40769551327085185                2
   2.7999999523162842       0.30781388014071909                2
   2.9000000953674316       0.20216952936635063                2
   3.0000000000000000        9.1071428571428470E-002           2
   3.1000001430511475       -2.5289454127761291E-002           2
   3.2000000476837158      -0.14687156653627453                2
   3.2999999523162842      -0.27382121545810179                2
   3.4000000953674316      -0.40651142596875234                2
   3.5000000000000000      -0.54558376736111081                2
   3.6000001430511475      -0.69199674099322550                2
   3.7000000476837158      -0.84707265033778945                2
   3.7999999523162842       -1.0125530332007884                2
   3.9000000953674316       -1.1906543608045568                2
   4.0000000000000000       -1.3841269841269837                2
   4.0999999046325684       -1.5963218049669274                2
   4.2000002861022949       -1.8312578290346115                2
   4.3000001907348633       -2.0936900243659204                2
   4.4000000953674316       -2.3891921421028242                2
   4.5000000000000000       -2.7242327008928573                2
   4.5999999046325684       -3.1062606823914400                2
   4.7000002861022949       -3.5437967977393097                2
   4.8000001907348633       -4.0465184220666117                2
   4.9000000953674316       -4.6253701764425355                2
   5.0000000000000000       -5.2926587301587276                2
   5.0999999046325684       -6.0621623803297702                2
   5.2000002861022949       -6.9492481213753123                2
   5.3000001907348633       -7.9709717166144713                2
   5.4000000953674316       -9.1462255890545272                2
   5.5000000000000000       -10.495850384424600                2
   5.5999999046325684       -12.042772040626865                2
   5.7000002861022949       -13.812149330544703                2
   5.8000001907348633       -15.831483115626718                2
   5.9000000953674316       -18.130816404346227                2
   6.0000000000000000       -20.742857142857147                2
   6.0999999046325684       -23.703147233323961                2
   6.2000002861022949       -27.050246513802996                2
   6.3000001907348633       -30.825840149392498                2
   6.4000000953674316       -35.075013227916529                2
   6.5000000000000000       -39.846374317956347                2
   6.5999999046325684       -45.192262107380962                2
   6.7000002861022949       -51.168973533052622                2
   6.8000001907348633       -57.836851370620053                2
   6.9000000953674316       -65.260665930060796                2
   7.0000000000000000       -73.509722222222223                2
   7.0999999046325684       -82.658111539908788                2
   7.2000002861022949       -92.784993743406815                2
   7.3000001907348633       -103.97463805716433                2
   7.4000000953674316       -116.31695783076586                2
   7.5000000000000000       -129.90757533482144                2
   7.5999999046325684       -144.84812778391159                2
   7.7000002861022949       -161.24661671752352                2
   7.8000001907348633       -179.21736341773442                2
   7.9000000953674316       -198.88175988619540                2
   8.0000000000000000       -220.36825396825395                2
   8.1000003814697266       -243.81283879989957                2
   8.1999998092651367       -269.35877541283719                2
   8.3000001907348633       -297.15821180058185                2
   8.4000005722045898       -327.37094746002515                2
   8.5000000000000000       -360.16539093501979                2
   8.6000003814697266       -395.71994038400373                2
   8.6999998092651367       -434.22107478886983                2
   8.8000001907348633       -475.86643040516879                2
   8.9000005722045898       -520.86266448453364                2
   9.0000000000000000       -569.42678571428564                2
   9.1000003814697266       -621.78806921944351                2
   9.1999998092651367       -678.18511360691264                2
   9.3000001907348633       -738.87024599681558                2
   9.4000005722045898       -804.10626139475721                2
   9.5000000000000000       -874.16825861855159                2
   9.6000003814697266       -949.34626738526595                2
   9.6999998092651367       -1029.9408845374087                2
   9.8000001907348633       -1116.2694691243310                2
   9.9000005722045898       -1208.6613461680126                2
   10.000000000000000       -1307.4603174603174                2
  
  -10.000000000000000        1056.9392336059002                3
  -9.9000005722045898        934.26392089525780                3
  -9.8000001907348633        824.68503146366015                3
  -9.6999998092651367        726.92869879765499                3
  -9.6000003814697266        639.83233260942848                3
  -9.5000000000000000        562.33399730349038                3
  -9.4000005722045898        493.46993409754873                3
  -9.3000001907348633        432.36108260820515                3
  -9.1999998092651367        378.21087730052113                3
  -9.1000003814697266        330.29644954298908                3
  -9.0000000000000000        287.96148336038948                3
  -8.9000005722045898        250.61363791713063                3
  -8.8000001907348633        217.71605111489077                3
  -8.6999998092651367        188.78509428267819                3
  -8.6000003814697266        163.38462959145522                3
  -8.5000000000000000        141.12128614227788                3
  -8.4000005722045898        121.64222784635285                3
  -8.3000001907348633        104.62988058162006                3
  -8.1999998092651367        89.800018213031080                3
  -8.1000003814697266        76.898087184078804                3
  -8.0000000000000000        65.696148789482095                3
  -7.9000000953674316        55.991100015901253                3
  -7.8000001907348633        47.601678033769389                3
  -7.7000002861022949        40.366595778103033                3
  -7.5999999046325684        34.142488601798306                3
  -7.5000000000000000        28.802229026695358                3
  -7.4000000953674316        24.233107831973669                3
  -7.3000001907348633        20.335460984686563                3
  -7.2000002861022949        17.021276907346646                3
  -7.0999999046325684        14.212948359973154                3
  -7.0000000000000000        11.842203107463519                3
  -6.9000000953674316        9.8490099721185018                3
  -6.8000001907348633        8.1807182479321341                3
  -6.7000002861022949        6.7912170239084517                3
  -6.5999999046325684        5.6401866726242318                3
  -6.5000000000000000        4.6924517899207814                3
  -6.4000000953674316        3.9173498405842402                3
  -6.3000001907348633        3.2882185136849422                3
  -6.2000002861022949        2.7819116888184521                3
  -6.0999999046325684        2.3783720025445696                3
  -6.0000000000000000        2.0602597402597436                3
  -5.9000000953674316        1.8126060113657942                3
  -5.8000001907348633        1.6225241612185899                3
  -5.7000002861022949        1.4789458212756408                3
  -5.5999999046325684        1.3723899983368435                3
  -5.5000000000000000        1.2947624947953216                3
  -5.4000000953674316        1.2391755224860517                3
  -5.3000001907348633        1.1997947516499057                3
  -5.2000002861022949        1.1717033774792009                3
  -5.0999999046325684        1.1507841595134680                3
  -5.0000000000000000        1.1336172989818796                3
  -4.9000000953674316        1.1173908722338388                3
  -4.8000001907348633        1.0998240367016883                3
  -4.7000002861022949        1.0790999588078027                3
  -4.5999999046325684        1.0538075906122999                3
  -4.5000000000000000        1.0228917198676568                3
  -4.4000000953674316       0.98560833920576463                3
  -4.3000001907348633       0.94148675520075509                3
  -4.2000002861022949       0.89029585156504276                3
  -4.0999999046325684       0.83201413663181956                3
  -4.0000000000000000       0.76680455347121956                3
  -3.9000000953674316       0.69498923851745942                3
  -3.7999999523162842       0.61702912062447479                3
  -3.7000000476837158       0.53350501551797525                3
  -3.6000001430511475       0.44509865259290343                3
  -3.5000000000000000       0.35257659543911851                3
  -3.4000000953674316       0.25677541913944352                3
  -3.2999999523162842       0.15858548424992630                3
  -3.2000000476837158        5.8938830956988951E-002           3
  -3.1000001430511475       -4.1205724534005755E-002           3
  -3.0000000000000000      -0.14087459415584405                3
  -2.9000000953674316      -0.23909086043136776                3
  -2.7999999523162842      -0.33488756584167156                3
  -2.7000000476837158      -0.42731695687880067                3
  -2.6000001430511475      -0.51546265564300120                3
  -2.5000000000000000      -0.59844891039132897                3
  -2.4000000953674316      -0.67544941268891001                3
  -2.2999999523162842      -0.74569734960266676                3
  -2.2000000476837158      -0.80849193693520460                3
  -2.1000001430511475      -0.86320686500963406                3
  -2.0000000000000000      -0.90929613596280268                3
  -1.8999999761581421      -0.94629943152143137                3
  -1.8000000715255737      -0.97384728532874565                3
  -1.7000000476837158      -0.99166464741645277                3
  -1.6000000238418579      -0.99957353089523804                3
  -1.5000000000000000      -0.99749495568213531                3
  -1.3999999761581421      -0.98544971330794295                3
  -1.3000000715255737      -0.96355819972521028                3
  -1.2000000476837158      -0.93203910153929992                3
  -1.1000000238418579      -0.89120737032478781                3
  -1.0000000000000000      -0.84147098464806802                3
 -0.90000003576278687      -0.78332693181732482                3
 -0.80000001192092896      -0.71735609919611221                3
 -0.69999998807907104      -0.64421767811850927                3
 -0.60000002384185791      -0.56464249307236025                3
 -0.50000000000000000      -0.47942553860418341                3
 -0.40000000596046448      -0.38941834779860074                3
 -0.30000001192092896      -0.29552021804983802                3
 -0.20000000298023224      -0.19866933371588724                3
 -0.10000000149011612       -9.9833418129499918E-002           3
   0.0000000000000000        0.0000000000000000                3
  0.10000000149011612        9.9833418129499918E-002           3
  0.20000000298023224       0.19866933371588724                3
  0.30000001192092896       0.29552021804983802                3
  0.40000000596046448       0.38941834779860074                3
  0.50000000000000000       0.47942553860418341                3
  0.60000002384185791       0.56464249307236025                3
  0.69999998807907104       0.64421767811850927                3
  0.80000001192092896       0.71735609919611221                3
  0.90000003576278687       0.78332693181732482                3
   1.0000000000000000       0.84147098464806802                3
   1.1000000238418579       0.89120737032478781                3
   1.2000000476837158       0.93203910153929992                3
   1.3000000715255737       0.96355819972521028                3
   1.3999999761581421       0.98544971330794295                3
   1.5000000000000000       0.99749495568213531                3
   1.6000000238418579       0.99957353089523804                3
   1.7000000476837158       0.99166464741645277                3
   1.8000000715255737       0.97384728532874565                3
   1.8999999761581421       0.94629943152143137                3
   2.0000000000000000       0.90929613596280268                3
   2.1000001430511475       0.86320686500963406                3
   2.2000000476837158       0.80849193693520460                3
   2.2999999523162842       0.74569734960266676                3
   2.4000000953674316       0.67544941268891001                3
   2.5000000000000000       0.59844891039132897                3
   2.6000001430511475       0.51546265564300120                3
   2.7000000476837158       0.42731695687880067                3
   2.7999999523162842       0.33488756584167156                3
   2.9000000953674316       0.23909086043136776                3
   3.0000000000000000       0.14087459415584405                3
   3.1000001430511475        4.1205724534005755E-002           3
   3.2000000476837158       -5.8938830956988951E-002           3
   3.2999999523162842      -0.15858548424992630                3
   3.4000000953674316      -0.25677541913944352                3
   3.5000000000000000      -0.35257659543911851                3
   3.6000001430511475      -0.44509865259290343                3
   3.7000000476837158      -0.53350501551797525                3
   3.7999999523162842      -0.61702912062447479                3
   3.9000000953674316      -0.69498923851745942                3
   4.0000000000000000      -0.76680455347121956                3
   4.0999999046325684      -0.83201413663181956                3
   4.2000002861022949      -0.89029585156504276                3
   4.3000001907348633      -0.94148675520075509                3
   4.4000000953674316      -0.98560833920576463                3
   4.5000000000000000       -1.0228917198676568                3
   4.5999999046325684       -1.0538075906122999                3
   4.7000002861022949       -1.0790999588078027                3
   4.8000001907348633       -1.0998240367016883                3
   4.9000000953674316       -1.1173908722338388                3
   5.0000000000000000       -1.1336172989818796                3
   5.0999999046325684       -1.1507841595134680                3
   5.2000002861022949       -1.1717033774792009                3
   5.3000001907348633       -1.1997947516499057                3
   5.4000000953674316       -1.2391755224860517                3
   5.5000000000000000       -1.2947624947953216                3
   5.5999999046325684       -1.3723899983368435                3
   5.7000002861022949       -1.4789458212756408                3
   5.8000001907348633       -1.6225241612185899                3
   5.9000000953674316       -1.8126060113657942                3
   6.0000000000000000       -2.0602597402597436                3
   6.0999999046325684       -2.3783720025445696                3
   6.2000002861022949       -2.7819116888184521                3
   6.3000001907348633       -3.2882185136849422                3
   6.4000000953674316       -3.9173498405842402                3
   6.5000000000000000       -4.6924517899207814                3
   6.5999999046325684       -5.6401866726242318                3
   6.7000002861022949       -6.7912170239084517                3
   6.8000001907348633       -8.1807182479321341                3
   6.9000000953674316       -9.8490099721185018                3
   7.0000000000000000       -11.842203107463519                3
   7.0999999046325684       -14.212948359973154                3
   7.2000002861022949       -17.021276907346646                3
   7.3000001907348633       -20.335460984686563                3
   7.4000000953674316       -24.233107831973669                3
   7.5000000000000000       -28.802229026695358                3
   7.5999999046325684       -34.142488601798306                3
   7.7000002861022949       -40.366595778103033                3
   7.8000001907348633       -47.601678033769389                3
   7.9000000953674316       -55.991100015901253                3
   8.0000000000000000       -65.696148789482095                3
   8.1000003814697266       -76.898087184078804                3
   8.1999998092651367       -89.800018213031080                3
   8.3000001907348633       -104.62988058162006                3
   8.4000005722045898       -121.64222784635285                3
   8.5000000000000000       -141.12128614227788                3
   8.6000003814697266       -163.38462959145522                3
   8.6999998092651367       -188.78509428267819                3
   8.8000001907348633       -217.71605111489077                3
   8.9000005722045898       -250.61363791713063                3
   9.0000000000000000       -287.96148336038948                3
   9.1000003814697266       -330.29644954298908                3
   9.1999998092651367       -378.21087730052113                3
   9.3000001907348633       -432.36108260820515                3
   9.4000005722045898       -493.46993409754873                3
   9.5000000000000000       -562.33399730349038                3
   9.6000003814697266       -639.83233260942848                3
   9.6999998092651367       -726.92869879765499                3
   9.8000001907348633       -824.68503146366015                3
   9.9000005722045898       -934.26392089525780                3
   10.000000000000000       -1056.9392336059002                3
  
  -10.000000000000000        215.75122310572056                4
  -9.9000005722045898        182.74928032960020                4
  -9.8000001907348633        154.50434333917678                4
  -9.6999998092651367        130.36923048444817                4
  -9.6000003814697266        109.77926828966247                4
  -9.5000000000000000        92.242084691185312                4
  -9.4000005722045898        77.330183631960892                4
  -9.3000001907348633        64.671822135000809                4
  -9.1999998092651367        53.945169535373282                4
  -9.1000003814697266        44.871673251123354                4
  -9.0000000000000000        37.210455521598846                4
  -8.9000005722045898        30.754083125632917                4
  -8.8000001907348633        25.323730264508498                4
  -8.6999998092651367        20.765895663218814                4
  -8.6000003814697266        16.948882318809211                4
  -8.5000000000000000        13.759825627043952                4
  -8.4000005722045898        11.102386623615971                4
  -8.3000001907348633        8.8942721703271843                4
  -8.1999998092651367        7.0654723544029210                4
  -8.1000003814697266        5.5564620784279128                4
  -8.0000000000000000        4.3166870581896823                4
  -7.9000000953674316        3.3033597886072243                4
  -7.8000001907348633        2.4802612315541595                4
  -7.7000002861022949        1.8167998785447548                4
  -7.5999999046325684        1.2871613646943345                4
  -7.5000000000000000       0.86959203264718177                4
  -7.4000000953674316       0.54575940793890432                4
  -7.3000001907348633       0.30022690424666099                4
  -7.2000002861022949       0.11999242636869578                4
  -7.0999999046325684       -5.9033457253541144E-003           4
  -7.0000000000000000       -8.6707527517283722E-002           4
  -6.9000000953674316      -0.13024053535055380                4
  -6.8000001907348633      -0.14313155639474484                4
  -6.7000002861022949      -0.13101946648196816                4
  -6.5999999046325684       -9.8720231719982232E-002           4
  -6.5000000000000000       -5.0367243589471977E-002           4
  -6.4000000953674316        1.0473945871405932E-002           4
  -6.3000001907348633        8.0709795244455873E-002           4
  -6.2000002861022949       0.15764092894899884                4
  -6.0999999046325684       0.23889923300452615                4
  -6.0000000000000000       0.32239531896675105                4
  -5.9000000953674316       0.40628022089144811                4
  -5.8000001907348633       0.48891179312277022                4
  -5.7000002861022949       0.56883010919071597                4
  -5.5999999046325684       0.64473861977450686                4
  -5.5000000000000000       0.71548820776474709                4
  -5.4000000953674316       0.78006857780309358                4
  -5.3000001907348633       0.83759890499267464                4
  -5.2000002861022949       0.88732255149165562                4
  -5.0999999046325684       0.92860322236051374                4
  -5.0000000000000000       0.96092134068272606                4
  -4.9000000953674316       0.98387308342410928                4
  -4.8000001907348633       0.99716778701862940                4
  -4.7000002861022949        1.0006265041570324                4
  -4.5999999046325684       0.99418016250311925                4
  -4.5000000000000000       0.97786763933871335                4
  -4.4000000953674316       0.95183303004605269                4
  -4.3000001907348633       0.91632261973803064                4
  -4.2000002861022949       0.87168113998271812                4
  -4.0999999046325684       0.81834707857892974                4
  -4.0000000000000000       0.75684861953644966                4
  -3.9000000953674316       0.68779628797434356                4
  -3.7999999523162842       0.61187722443471071                4
  -3.7000000476837158       0.52984851788364018                4
  -3.6000001430511475       0.44252833067407632                4
  -3.5000000000000000       0.35078804390719870                4
  -3.4000000953674316       0.25554414236989414                4
  -3.2999999523162842       0.15774742524146609                4
  -3.2000000476837158        5.8375246872979486E-002           4
  -3.1000001430511475       -4.1579902933148304E-002           4
  -3.0000000000000000      -0.14111965434119442                4
  -2.9000000953674316      -0.23924903750292809                4
  -2.7999999523162842      -0.33498808525140128                4
  -2.7000000476837158      -0.42737977784269909                4
  -2.6000001430511475      -0.51550121798551751                4
  -2.5000000000000000      -0.59847212803379057                4
  -2.4000000953674316      -0.67546310218797045                4
  -2.2999999523162842      -0.74570524004225014                4
  -2.2000000476837158      -0.80849637392113816                4
  -2.1000001430511475      -0.86320929359621090                4
  -2.0000000000000000      -0.90929742646144762                4
  -1.8999999761581421      -0.94630009524277192                4
  -1.8000000715255737      -0.97384761456655444                4
  -1.7000000476837158      -0.99166480428562087                4
  -1.6000000238418579      -0.99957360233709769                4
  -1.5000000000000000      -0.99749498660130265                4
  -1.3999999761581421      -0.98544972593527502                4
  -1.3000000715255737      -0.96355820454995567                4
  -1.2000000476837158      -0.93203910324572736                4
  -1.1000000238418579      -0.89120737087599522                4
  -1.0000000000000000      -0.84147098480789373                4
 -0.90000003576278687      -0.78332693185798730                4
 -0.80000001192092896      -0.71735609920491394                4
 -0.69999998807907104      -0.64421767812006159                4
 -0.60000002384185791      -0.56464249307256964                4
 -0.50000000000000000      -0.47942553860420301                4
 -0.40000000596046448      -0.38941834779860179                4
 -0.30000001192092896      -0.29552021804983802                4
 -0.20000000298023224      -0.19866933371588724                4
 -0.10000000149011612       -9.9833418129499918E-002           4
   0.0000000000000000        0.0000000000000000                4
  0.10000000149011612        9.9833418129499918E-002           4
  0.20000000298023224       0.19866933371588724                4
  0.30000001192092896       0.29552021804983802                4
  0.40000000596046448       0.38941834779860179                4
  0.50000000000000000       0.47942553860420301                4
  0.60000002384185791       0.56464249307256964                4
  0.69999998807907104       0.64421767812006159                4
  0.80000001192092896       0.71735609920491394                4
  0.90000003576278687       0.78332693185798730                4
   1.0000000000000000       0.84147098480789373                4
   1.1000000238418579       0.89120737087599522                4
   1.2000000476837158       0.93203910324572736                4
   1.3000000715255737       0.96355820454995567                4
   1.3999999761581421       0.98544972593527502                4
   1.5000000000000000       0.99749498660130265                4
   1.6000000238418579       0.99957360233709769                4
   1.7000000476837158       0.99166480428562087                4
   1.8000000715255737       0.97384761456655444                4
   1.8999999761581421       0.94630009524277192                4
   2.0000000000000000       0.90929742646144762                4
   2.1000001430511475       0.86320929359621090                4
   2.2000000476837158       0.80849637392113816                4
   2.2999999523162842       0.74570524004225014                4
   2.4000000953674316       0.67546310218797045                4
   2.5000000000000000       0.59847212803379057                4
   2.6000001430511475       0.51550121798551751                4
   2.7000000476837158       0.42737977784269909                4
   2.7999999523162842       0.33498808525140128                4
   2.9000000953674316       0.23924903750292809                4
   3.0000000000000000       0.14111965434119442                4
   3.1000001430511475        4.1579902933148304E-002           4
   3.2000000476837158       -5.8375246872979486E-002           4
   3.2999999523162842      -0.15774742524146609                4
   3.4000000953674316      -0.25554414236989414                4
   3.5000000000000000      -0.35078804390719870                4
   3.6000001430511475      -0.44252833067407632                4
   3.7000000476837158      -0.52984851788364018                4
   3.7999999523162842      -0.61187722443471071                4
   3.9000000953674316      -0.68779628797434356                4
   4.0000000000000000      -0.75684861953644966                4
   4.0999999046325684      -0.81834707857892974                4
   4.2000002861022949      -0.87168113998271812                4
   4.3000001907348633      -0.91632261973803064                4
   4.4000000953674316      -0.95183303004605269                4
   4.5000000000000000      -0.97786763933871335                4
   4.5999999046325684      -0.99418016250311925                4
   4.7000002861022949       -1.0006265041570324                4
   4.8000001907348633      -0.99716778701862940                4
   4.9000000953674316      -0.98387308342410928                4
   5.0000000000000000      -0.96092134068272606                4
   5.0999999046325684      -0.92860322236051374                4
   5.2000002861022949      -0.88732255149165562                4
   5.3000001907348633      -0.83759890499267464                4
   5.4000000953674316      -0.78006857780309358                4
   5.5000000000000000      -0.71548820776474709                4
   5.5999999046325684      -0.64473861977450686                4
   5.7000002861022949      -0.56883010919071597                4
   5.8000001907348633      -0.48891179312277022                4
   5.9000000953674316      -0.40628022089144811                4
   6.0000000000000000      -0.32239531896675105                4
   6.0999999046325684      -0.23889923300452615                4
   6.2000002861022949      -0.15764092894899884                4
   6.3000001907348633       -8.0709795244455873E-002           4
   6.4000000953674316       -1.0473945871405932E-002           4
   6.5000000000000000        5.0367243589471977E-002           4
   6.5999999046325684        9.8720231719982232E-002           4
   6.7000002861022949       0.13101946648196816                4
   6.8000001907348633       0.14313155639474484                4
   6.9000000953674316       0.13024053535055380                4
   7.0000000000000000        8.6707527517283722E-002           4
   7.0999999046325684        5.9033457253541144E-003           4
   7.2000002861022949      -0.11999242636869578                4
   7.3000001907348633      -0.30022690424666099                4
   7.4000000953674316      -0.54575940793890432                4
   7.5000000000000000      -0.86959203264718177                4
   7.5999999046325684       -1.2871613646943345                4
   7.7000002861022949       -1.8167998785447548                4
   7.8000001907348633       -2.4802612315541595                4
   7.9000000953674316       -3.3033597886072243                4
   8.0000000000000000       -4.3166870581896823                4
   8.1000003814697266       -5.5564620784279128                4
   8.1999998092651367       -7.0654723544029210                4
   8.3000001907348633       -8.8942721703271843                4
   8.4000005722045898       -11.102386623615971                4
   8.5000000000000000       -13.759825627043952                4
   8.6000003814697266       -16.948882318809211                4
   8.6999998092651367       -20.765895663218814                4
   8.8000001907348633       -25.323730264508498                4
   8.9000005722045898       -30.754083125632917                4
   9.0000000000000000       -37.210455521598846                4
   9.1000003814697266       -44.871673251123354                4
   9.1999998092651367       -53.945169535373282                4
   9.3000001907348633       -64.671822135000809                4
   9.4000005722045898       -77.330183631960892                4
   9.5000000000000000       -92.242084691185312                4
   9.6000003814697266       -109.77926828966247                4
   9.6999998092651367       -130.36923048444817                4
   9.8000001907348633       -154.50434333917678                4
   9.9000005722045898       -182.74928032960020                4
   10.000000000000000       -215.75122310572056                4
  
  -10.000000000000000        16.811850137411795                5
  -9.9000005722045898        13.675555536770162                5
  -9.8000001907348633        11.083164766191743                5
  -9.6999998092651367        8.9412511702302169                5
  -9.6000003814697266        7.1718897201099239                5
  -9.5000000000000000        5.7102029814757671                5
  -9.4000005722045898        4.5024046567619429                5
  -9.3000001907348633        3.5039248271423880                5
  -9.1999998092651367        2.6779995580678531                5
  -9.1000003814697266        1.9943576582592240                5
  -9.0000000000000000        1.4281312932985273                5
  -8.9000005722045898       0.95898743877203252                5
  -8.8000001907348633       0.57031419548856466                5
  -8.6999998092651367       0.24860592511075019                5
  -8.6000003814697266       -1.7098671139498478E-002           5
  -8.5000000000000000      -0.23567922940600683                5
  -8.4000005722045898      -0.41430070151113174                5
  -8.3000001907348633      -0.55875086195917989                5
  -8.1999998092651367      -0.67369450340974901                5
  -8.1000003814697266      -0.76290180273664920                5
  -8.0000000000000000      -0.82943346865932477                5
  -7.9000000953674316      -0.87578725020550241                5
  -7.8000001907348633      -0.90402693274710744                5
  -7.7000002861022949      -0.91588242812248255                5
  -7.5999999046325684      -0.91283291508393649                5
  -7.5000000000000000      -0.89617374508296033                5
  -7.4000000953674316      -0.86706967191076423                5
  -7.3000001907348633      -0.82659690871163338                5
  -7.2000002861022949      -0.77577578823621196                5
  -7.0999999046325684      -0.71559522492214656                5
  -7.0000000000000000      -0.64703211411528905                5
  -6.9000000953674316      -0.57106234692887647                5
  -6.8000001907348633      -0.48867012960289513                5
  -6.7000002861022949      -0.40085218181975990                5
  -6.5999999046325684      -0.30861867105306956                5
  -6.5000000000000000      -0.21299386272206111                5
  -6.4000000953674316      -0.11501031302039808                5
  -6.3000001907348633       -1.5705836860188491E-002           5
  -6.2000002861022949        8.3882954759867762E-002           5
  -6.0999999046325684       0.18272810126870931                5
  -6.0000000000000000       0.27981606363561601                5
  -5.9000000953674316       0.37415865057091852                5
  -5.8000001907348633       0.46479944273054208                5
  -5.7000002861022949       0.55082262772366675                5
  -5.5999999046325684       0.63136160855893741                5
  -5.5000000000000000       0.70560546338521679                5
  -5.4000000953674316       0.77280882719206700                5
  -5.3000001907348633       0.83229738289673749                5
  -5.2000002861022949       0.88347470245925053                5
  -5.0999999046325684       0.92582816749072172                5
  -5.0000000000000000       0.95893316519659633                5
  -4.9000000953674316       0.98245842254291771                5
  -4.8000001907348633       0.99616837877430320                5
  -4.7000002861022949       0.99992569910285722                5
  -4.5999999046325684       0.99369254770942184                5
  -4.5000000000000000       0.97753109935564486                5
  -4.4000000953674316       0.95160271662468066                5
  -4.3000001907348633       0.91616639235476827                5
  -4.2000002861022949       0.87157614438094733                5
  -4.0999999046325684       0.81827719615597727                5
  -4.0000000000000000       0.75680257873961387                5
  -3.9000000953674316       0.68776627751546293                5
  -3.7999999523162842       0.61185788172600475                5
  -3.7000000476837158       0.52983619765142176                5
  -3.6000001430511475       0.44252058076012746                5
  -3.5000000000000000       0.35078323277891615                5
  -3.4000000953674316       0.25554119700037420                5
  -3.2999999523162842       0.15774564853964407                5
  -3.2000000476837158        5.8374191808159483E-002           5
  -3.1000001430511475       -4.1580519105862974E-002           5
  -3.0000000000000000      -0.14112000785871492                5
  -2.9000000953674316      -0.23924923651737706                5
  -2.7999999523162842      -0.33498819503722088                5
  -2.7000000476837158      -0.42737983710222699                5
  -2.6000001430511475      -0.51550124923253215                5
  -2.5000000000000000      -0.59847214409956062                5
  -2.4000000953674316      -0.67546311022593630                5
  -2.2999999523162842      -0.74570524394647175                5
  -2.2000000476837158      -0.80849637575736844                5
  -2.1000001430511475      -0.86320929442993721                5
  -2.0000000000000000      -0.90929742682564096                5
  -1.8999999761581421      -0.94630009539522431                5
  -1.8000000715255737      -0.97384761462742830                5
  -1.7000000476837158      -0.99166480430868187                5
  -1.6000000238418579      -0.99957360234533355                5
  -1.5000000000000000      -0.99749498660405445                5
  -1.3999999761581421      -0.98544972593612734                5
  -1.3000000715255737      -0.96355820455019769                5
  -1.2000000476837158      -0.93203910324578954                5
  -1.1000000238418579      -0.89120737087600943                5
  -1.0000000000000000      -0.84147098480789650                5
 -0.90000003576278687      -0.78332693185798774                5
 -0.80000001192092896      -0.71735609920491406                5
 -0.69999998807907104      -0.64421767812006159                5
 -0.60000002384185791      -0.56464249307256964                5
 -0.50000000000000000      -0.47942553860420301                5
 -0.40000000596046448      -0.38941834779860179                5
 -0.30000001192092896      -0.29552021804983802                5
 -0.20000000298023224      -0.19866933371588724                5
 -0.10000000149011612       -9.9833418129499918E-002           5
   0.0000000000000000        0.0000000000000000                5
  0.10000000149011612        9.9833418129499918E-002           5
  0.20000000298023224       0.19866933371588724                5
  0.30000001192092896       0.29552021804983802                5
  0.40000000596046448       0.38941834779860179                5
  0.50000000000000000       0.47942553860420301                5
  0.60000002384185791       0.56464249307256964                5
  0.69999998807907104       0.64421767812006159                5
  0.80000001192092896       0.71735609920491406                5
  0.90000003576278687       0.78332693185798774                5
   1.0000000000000000       0.84147098480789650                5
   1.1000000238418579       0.89120737087600943                5
   1.2000000476837158       0.93203910324578954                5
   1.3000000715255737       0.96355820455019769                5
   1.3999999761581421       0.98544972593612734                5
   1.5000000000000000       0.99749498660405445                5
   1.6000000238418579       0.99957360234533355                5
   1.7000000476837158       0.99166480430868187                5
   1.8000000715255737       0.97384761462742830                5
   1.8999999761581421       0.94630009539522431                5
   2.0000000000000000       0.90929742682564096                5
   2.1000001430511475       0.86320929442993721                5
   2.2000000476837158       0.80849637575736844                5
   2.2999999523162842       0.74570524394647175                5
   2.4000000953674316       0.67546311022593630                5
   2.5000000000000000       0.59847214409956062                5
   2.6000001430511475       0.51550124923253215                5
   2.7000000476837158       0.42737983710222699                5
   2.7999999523162842       0.33498819503722088                5
   2.9000000953674316       0.23924923651737706                5
   3.0000000000000000       0.14112000785871492                5
   3.1000001430511475        4.1580519105862974E-002           5
   3.2000000476837158       -5.8374191808159483E-002           5
   3.2999999523162842      -0.15774564853964407                5
   3.4000000953674316      -0.25554119700037420                5
   3.5000000000000000      -0.35078323277891615                5
   3.6000001430511475      -0.44252058076012746                5
   3.7000000476837158      -0.52983619765142176                5
   3.7999999523162842      -0.61185788172600475                5
   3.9000000953674316      -0.68776627751546293                5
   4.0000000000000000      -0.75680257873961387                5
   4.0999999046325684      -0.81827719615597727                5
   4.2000002861022949      -0.87157614438094733                5
   4.3000001907348633      -0.91616639235476827                5
   4.4000000953674316      -0.95160271662468066                5
   4.5000000000000000      -0.97753109935564486                5
   4.5999999046325684      -0.99369254770942184                5
   4.7000002861022949      -0.99992569910285722                5
   4.8000001907348633      -0.99616837877430320                5
   4.9000000953674316      -0.98245842254291771                5
   5.0000000000000000      -0.95893316519659633                5
   5.0999999046325684      -0.92582816749072172                5
   5.2000002861022949      -0.88347470245925053                5
   5.3000001907348633      -0.83229738289673749                5
   5.4000000953674316      -0.77280882719206700                5
   5.5000000000000000      -0.70560546338521679                5
   5.5999999046325684      -0.63136160855893741                5
   5.7000002861022949      -0.55082262772366675                5
   5.8000001907348633      -0.46479944273054208                5
   5.9000000953674316      -0.37415865057091852                5
   6.0000000000000000      -0.27981606363561601                5
   6.0999999046325684      -0.18272810126870931                5
   6.2000002861022949       -8.3882954759867762E-002           5
   6.3000001907348633        1.5705836860188491E-002           5
   6.4000000953674316       0.11501031302039808                5
   6.5000000000000000       0.21299386272206111                5
   6.5999999046325684       0.30861867105306956                5
   6.7000002861022949       0.40085218181975990                5
   6.8000001907348633       0.48867012960289513                5
   6.9000000953674316       0.57106234692887647                5
   7.0000000000000000       0.64703211411528905                5
   7.0999999046325684       0.71559522492214656                5
   7.2000002861022949       0.77577578823621196                5
   7.3000001907348633       0.82659690871163338                5
   7.4000000953674316       0.86706967191076423                5
   7.5000000000000000       0.89617374508296033                5
   7.5999999046325684       0.91283291508393649                5
   7.7000002861022949       0.91588242812248255                5
   7.8000001907348633       0.90402693274710744                5
   7.9000000953674316       0.87578725020550241                5
   8.0000000000000000       0.82943346865932477                5
   8.1000003814697266       0.76290180273664920                5
   8.1999998092651367       0.67369450340974901                5
   8.3000001907348633       0.55875086195917989                5
   8.4000005722045898       0.41430070151113174                5
   8.5000000000000000       0.23567922940600683                5
   8.6000003814697266        1.7098671139498478E-002           5
   8.6999998092651367      -0.24860592511075019                5
   8.8000001907348633      -0.57031419548856466                5
   8.9000005722045898      -0.95898743877203252                5
   9.0000000000000000       -1.4281312932985273                5
   9.1000003814697266       -1.9943576582592240                5
   9.1999998092651367       -2.6779995580678531                5
   9.3000001907348633       -3.5039248271423880                5
   9.4000005722045898       -4.5024046567619429                5
   9.5000000000000000       -5.7102029814757671                5
   9.6000003814697266       -7.1718897201099239                5
   9.6999998092651367       -8.9412511702302169                5
   9.8000001907348633       -11.083164766191743                5
   9.9000005722045898       -13.675555536770162                5
   10.000000000000000       -16.811850137411795                5
  
  -10.000000000000000        1.1070792446512163                6
  -9.9000005722045898       0.89661963788542520                6
  -9.8000001907348633       0.70800437899017155                6
  -9.6999998092651367       0.53670724671033643                6
  -9.6000003814697266       0.37931717358817418                6
  -9.5000000000000000       0.23331900915822668                6
  -9.4000005722045898        9.6925729541135319E-002           6
  -9.3000001907348633       -3.1079846098318265E-002           6
  -9.1999998092651367      -0.15145722991508770                6
  -9.1000003814697266      -0.26461296005169266                6
  -9.0000000000000000      -0.37068660360255945                6
  -8.9000005722045898      -0.46961215443812104                6
  -8.8000001907348633      -0.56118308463077282                6
  -8.6999998092651367      -0.64509275953769507                6
  -8.6000003814697266      -0.72097669003138554                6
  -8.5000000000000000      -0.78844672762704637                6
  -8.4000005722045898      -0.84711291922978427                6
  -8.3000001907348633      -0.89661061484271742                6
  -8.1999998092651367      -0.93661430167179394                6
  -8.1000003814697266      -0.96685421213945910                6
  -8.0000000000000000      -0.98712833948763612                6
  -7.9000000953674316      -0.99730965199487143                6
  -7.8000001907348633      -0.99735420700816935                6
  -7.7000002861022949      -0.98730521784332559                6
  -7.5999999046325684      -0.96729590829246448                6
  -7.5000000000000000      -0.93755115242243159                6
  -7.4000000953674316      -0.89838661713055867                6
  -7.3000001907348633      -0.85020745075108217                6
  -7.2000002861022949      -0.79350531878482611                6
  -7.0999999046325684      -0.72885404741491366                6
  -7.0000000000000000      -0.65690582967350786                6
  -6.9000000953674316      -0.57838336934399892                6
  -6.8000001907348633      -0.49407423954587870                6
  -6.7000002861022949      -0.40482301237316243                6
  -6.5999999046325684      -0.31152258324331100                6
  -6.5000000000000000      -0.21510720569283309                6
  -6.4000000953674316      -0.11654060911503705                6
  -6.3000001907348633       -1.6808218859160479E-002           6
  -6.2000002861022949        8.3093060753361689E-002           6
  -6.0999999046325684       0.18216522841467303                6
  -6.0000000000000000       0.27941724110253796                6
  -5.9000000953674316       0.37387772321779450                6
  -5.8000001907348633       0.46460275971956522                6
  -5.7000002861022949       0.55068578958732706                6
  -5.5999999046325684       0.63126702441887961                6
  -5.5000000000000000       0.70554052509527820                6
  -5.4000000953674316       0.77276455333412286                6
  -5.3000001907348633       0.83226741575806606                6
  -5.2000002861022949       0.88345457098721658                6
  -5.0999999046325684       0.92581474876458592                6
  -5.0000000000000000       0.95892429321281991                6
  -4.9000000953674316       0.98245260604661067                6
  -4.8000001907348633       0.99616459885019759                6
  -4.7000002861022949       0.99992326507391571                6
  -4.5999999046325684       0.99369099525702886                6
  -4.5000000000000000       0.97753011900560660                6
  -4.4000000953674316       0.95160210396432576                6
  -4.3000001907348633       0.91616601362706829                6
  -4.2000002861022949       0.87157591291805581                6
  -4.0999999046325684       0.81827705637633585                6
  -4.0000000000000000       0.75680249537889144                6
  -3.9000000953674316       0.68776622845199442                6
  -3.7999999523162842       0.61185785324616626                6
  -3.7000000476837158       0.52983618135919097                6
  -3.6000001430511475       0.44252057158228486                6
  -3.5000000000000000       0.35078322769215192                6
  -3.4000000953674316       0.25554119422911797                6
  -3.2999999523162842       0.15774564705712640                6
  -3.2000000476837158        5.8374191030254180E-002           6
  -3.1000001430511475       -4.1580519505738281E-002           6
  -3.0000000000000000      -0.14112000805981317                6
  -2.9000000953674316      -0.23924923661617217                6
  -2.7999999523162842      -0.33498819508455702                6
  -2.7000000476837158      -0.42737983712430666                6
  -2.6000001430511475      -0.51550124924253804                6
  -2.5000000000000000      -0.59847214410395599                6
  -2.4000000953674316      -0.67546311022780314                6
  -2.2999999523162842      -0.74570524394723625                6
  -2.2000000476837158      -0.80849637575766931                6
  -2.1000001430511475      -0.86320929443005057                6
  -2.0000000000000000      -0.90929742682568171                6
  -1.8999999761581421      -0.94630009539523818                6
  -1.8000000715255737      -0.97384761462743274                6
  -1.7000000476837158      -0.99166480430868320                6
  -1.6000000238418579      -0.99957360234533388                6
  -1.5000000000000000      -0.99749498660405456                6
  -1.3999999761581421      -0.98544972593612734                6
  -1.3000000715255737      -0.96355820455019769                6
  -1.2000000476837158      -0.93203910324578954                6
  -1.1000000238418579      -0.89120737087600943                6
  -1.0000000000000000      -0.84147098480789650                6
 -0.90000003576278687      -0.78332693185798774                6
 -0.80000001192092896      -0.71735609920491406                6
 -0.69999998807907104      -0.64421767812006159                6
 -0.60000002384185791      -0.56464249307256964                6
 -0.50000000000000000      -0.47942553860420301                6
 -0.40000000596046448      -0.38941834779860179                6
 -0.30000001192092896      -0.29552021804983802                6
 -0.20000000298023224      -0.19866933371588724                6
 -0.10000000149011612       -9.9833418129499918E-002           6
   0.0000000000000000        0.0000000000000000                6
  0.10000000149011612        9.9833418129499918E-002           6
  0.20000000298023224       0.19866933371588724                6
  0.30000001192092896       0.29552021804983802                6
  0.40000000596046448       0.38941834779860179                6
  0.50000000000000000       0.47942553860420301                6
  0.60000002384185791       0.56464249307256964                6
  0.69999998807907104       0.64421767812006159                6
  0.80000001192092896       0.71735609920491406                6
  0.90000003576278687       0.78332693185798774                6
   1.0000000000000000       0.84147098480789650                6
   1.1000000238418579       0.89120737087600943                6
   1.2000000476837158       0.93203910324578954                6
   1.3000000715255737       0.96355820455019769                6
   1.3999999761581421       0.98544972593612734                6
   1.5000000000000000       0.99749498660405456                6
   1.6000000238418579       0.99957360234533388                6
   1.7000000476837158       0.99166480430868320                6
   1.8000000715255737       0.97384761462743274                6
   1.8999999761581421       0.94630009539523818                6
   2.0000000000000000       0.90929742682568171                6
   2.1000001430511475       0.86320929443005057                6
   2.2000000476837158       0.80849637575766931                6
   2.2999999523162842       0.74570524394723625                6
   2.4000000953674316       0.67546311022780314                6
   2.5000000000000000       0.59847214410395599                6
   2.6000001430511475       0.51550124924253804                6
   2.7000000476837158       0.42737983712430666                6
   2.7999999523162842       0.33498819508455702                6
   2.9000000953674316       0.23924923661617217                6
   3.0000000000000000       0.14112000805981317                6
   3.1000001430511475        4.1580519505738281E-002           6
   3.2000000476837158       -5.8374191030254180E-002           6
   3.2999999523162842      -0.15774564705712640                6
   3.4000000953674316      -0.25554119422911797                6
   3.5000000000000000      -0.35078322769215192                6
   3.6000001430511475      -0.44252057158228486                6
   3.7000000476837158      -0.52983618135919097                6
   3.7999999523162842      -0.61185785324616626                6
   3.9000000953674316      -0.68776622845199442                6
   4.0000000000000000      -0.75680249537889144                6
   4.0999999046325684      -0.81827705637633585                6
   4.2000002861022949      -0.87157591291805581                6
   4.3000001907348633      -0.91616601362706829                6
   4.4000000953674316      -0.95160210396432576                6
   4.5000000000000000      -0.97753011900560660                6
   4.5999999046325684      -0.99369099525702886                6
   4.7000002861022949      -0.99992326507391571                6
   4.8000001907348633      -0.99616459885019759                6
   4.9000000953674316      -0.98245260604661067                6
   5.0000000000000000      -0.95892429321281991                6
   5.0999999046325684      -0.92581474876458592                6
   5.2000002861022949      -0.88345457098721658                6
   5.3000001907348633      -0.83226741575806606                6
   5.4000000953674316      -0.77276455333412286                6
   5.5000000000000000      -0.70554052509527820                6
   5.5999999046325684      -0.63126702441887961                6
   5.7000002861022949      -0.55068578958732706                6
   5.8000001907348633      -0.46460275971956522                6
   5.9000000953674316      -0.37387772321779450                6
   6.0000000000000000      -0.27941724110253796                6
   6.0999999046325684      -0.18216522841467303                6
   6.2000002861022949       -8.3093060753361689E-002           6
   6.3000001907348633        1.6808218859160479E-002           6
   6.4000000953674316       0.11654060911503705                6
   6.5000000000000000       0.21510720569283309                6
   6.5999999046325684       0.31152258324331100                6
   6.7000002861022949       0.40482301237316243                6
   6.8000001907348633       0.49407423954587870                6
   6.9000000953674316       0.57838336934399892                6
   7.0000000000000000       0.65690582967350786                6
   7.0999999046325684       0.72885404741491366                6
   7.2000002861022949       0.79350531878482611                6
   7.3000001907348633       0.85020745075108217                6
   7.4000000953674316       0.89838661713055867                6
   7.5000000000000000       0.93755115242243159                6
   7.5999999046325684       0.96729590829246448                6
   7.7000002861022949       0.98730521784332559                6
   7.8000001907348633       0.99735420700816935                6
   7.9000000953674316       0.99730965199487143                6
   8.0000000000000000       0.98712833948763612                6
   8.1000003814697266       0.96685421213945910                6
   8.1999998092651367       0.93661430167179394                6
   8.3000001907348633       0.89661061484271742                6
   8.4000005722045898       0.84711291922978427                6
   8.5000000000000000       0.78844672762704637                6
   8.6000003814697266       0.72097669003138554                6
   8.6999998092651367       0.64509275953769507                6
   8.8000001907348633       0.56118308463077282                6
   8.9000005722045898       0.46961215443812104                6
   9.0000000000000000       0.37068660360255945                6
   9.1000003814697266       0.26461296005169266                6
   9.1999998092651367       0.15145722991508770                6
   9.3000001907348633        3.1079846098318265E-002           6
   9.4000005722045898       -9.6925729541135319E-002           6
   9.5000000000000000      -0.23331900915822668                6
   9.6000003814697266      -0.37931717358817418                6
   9.6999998092651367      -0.53670724671033643                6
   9.8000001907348633      -0.70800437899017155                6
   9.9000005722045898      -0.89661963788542520                6
   10.000000000000000       -1.1070792446512163                6
  
